   0.00     0.00000E+00     0.00000E+00     0.10000E-01     0.00000E+00     0.00000E+00     0.00000E+00     0.00000E+00     0.00000E+00     0.00000E+00     0.00000E+00 
   0.00     0.00000E+00     0.00000E+00     0.10000E-01     0.00000E+00     0.00000E+00     0.00000E+00     0.00000E+00     0.00000E+00     0.00000E+00     0.00000E+00 
   0.00     0.00000E+00     0.00000E+00     0.10000E-01     0.00000E+00     0.00000E+00     0.00000E+00     0.00000E+00     0.00000E+00     0.00000E+00     0.00000E+00 
   0.50     0.00000E+00     0.00000E+00     0.10833E-01     0.00000E+00     0.13889E-07     0.60500E-02     0.83333E-03     0.00000E+00     0.50000E-04     0.83333E-03 
   0.50     0.00000E+00     0.00000E+00     0.10833E-01     0.00000E+00     0.00000E+00     0.00000E+00     0.00000E+00     0.00000E+00     0.00000E+00     0.00000E+00 
   1.00     0.00000E+00     0.00000E+00     0.11667E-01     0.00000E+00     0.15046E-07     0.55885E-02     0.83333E-03     0.00000E+00     0.50000E-04     0.83333E-03 
   1.00     0.00000E+00     0.00000E+00     0.11667E-01     0.00000E+00     0.00000E+00     0.00000E+00     0.00000E+00     0.00000E+00     0.00000E+00     0.00000E+00 
   1.50     0.00000E+00     0.00000E+00     0.12500E-01     0.00000E+00     0.16204E-07     0.51929E-02     0.83333E-03     0.00000E+00     0.50000E-04     0.83333E-03 
   1.50     0.00000E+00     0.00000E+00     0.12500E-01     0.00000E+00     0.00000E+00     0.00000E+00     0.00000E+00     0.00000E+00     0.00000E+00     0.00000E+00 
   2.00     0.00000E+00     0.00000E+00     0.13333E-01     0.00000E+00     0.17361E-07     0.48500E-02     0.83333E-03     0.00000E+00     0.50000E-04     0.83333E-03 
   2.00     0.00000E+00     0.00000E+00     0.13333E-01     0.00000E+00     0.00000E+00     0.00000E+00     0.00000E+00     0.00000E+00     0.00000E+00     0.00000E+00 
   2.50     0.00000E+00     0.00000E+00     0.14167E-01     0.00000E+00     0.18518E-07     0.45500E-02     0.83333E-03     0.00000E+00     0.50000E-04     0.83333E-03 
   2.50     0.00000E+00     0.00000E+00     0.14167E-01     0.00000E+00     0.00000E+00     0.00000E+00     0.00000E+00     0.00000E+00     0.00000E+00     0.00000E+00 
   3.00     0.00000E+00     0.00000E+00     0.15000E-01     0.00000E+00     0.19676E-07     0.42853E-02     0.83333E-03     0.00000E+00     0.50000E-04     0.83333E-03 
   3.00     0.00000E+00     0.00000E+00     0.15000E-01     0.00000E+00     0.00000E+00     0.00000E+00     0.00000E+00     0.00000E+00     0.00000E+00     0.00000E+00 
   3.50     0.00000E+00     0.00000E+00     0.15833E-01     0.00000E+00     0.20833E-07     0.40500E-02     0.83333E-03     0.00000E+00     0.50000E-04     0.83333E-03 
   3.50     0.00000E+00     0.00000E+00     0.15833E-01     0.00000E+00     0.00000E+00     0.00000E+00     0.00000E+00     0.00000E+00     0.00000E+00     0.00000E+00 
   4.00     0.00000E+00     0.00000E+00     0.16667E-01     0.00000E+00     0.21991E-07     0.38395E-02     0.83333E-03     0.00000E+00     0.50000E-04     0.83333E-03 
   4.00     0.00000E+00     0.00000E+00     0.16667E-01     0.00000E+00     0.00000E+00     0.00000E+00     0.00000E+00     0.00000E+00     0.00000E+00     0.00000E+00 
   4.50     0.00000E+00     0.00000E+00     0.17500E-01     0.00000E+00     0.23148E-07     0.36500E-02     0.83333E-03     0.00000E+00     0.50000E-04     0.83333E-03 
   4.50     0.00000E+00     0.00000E+00     0.17500E-01     0.00000E+00     0.00000E+00     0.00000E+00     0.00000E+00     0.00000E+00     0.00000E+00     0.00000E+00 
   5.00     0.00000E+00     0.00000E+00     0.18333E-01     0.00000E+00     0.24305E-07     0.34786E-02     0.83333E-03     0.00000E+00     0.50000E-04     0.83333E-03 
   5.00     0.00000E+00     0.00000E+00     0.18333E-01     0.00000E+00     0.00000E+00     0.00000E+00     0.00000E+00     0.00000E+00     0.00000E+00     0.00000E+00 
   5.50     0.00000E+00     0.00000E+00     0.19166E-01     0.00000E+00     0.25463E-07     0.33228E-02     0.83333E-03     0.00000E+00     0.50000E-04     0.83333E-03 
   5.50     0.00000E+00     0.00000E+00     0.19166E-01     0.00000E+00     0.00000E+00     0.00000E+00     0.00000E+00     0.00000E+00     0.00000E+00     0.00000E+00 
   6.00     0.00000E+00     0.00000E+00     0.20000E-01     0.00000E+00     0.26620E-07     0.31805E-02     0.83333E-03     0.00000E+00     0.50000E-04     0.83333E-03 
   6.00     0.00000E+00     0.00000E+00     0.20000E-01     0.00000E+00     0.00000E+00     0.00000E+00     0.00000E+00     0.00000E+00     0.00000E+00     0.00000E+00 
   6.50     0.00000E+00     0.00000E+00     0.20833E-01     0.00000E+00     0.27777E-07     0.30500E-02     0.83333E-03     0.00000E+00     0.50000E-04     0.83333E-03 
   6.50     0.00000E+00     0.00000E+00     0.20833E-01     0.00000E+00     0.00000E+00     0.00000E+00     0.00000E+00     0.00000E+00     0.00000E+00     0.00000E+00 
   7.00     0.00000E+00     0.00000E+00     0.21666E-01     0.00000E+00     0.28935E-07     0.29300E-02     0.83333E-03     0.00000E+00     0.50000E-04     0.83333E-03 
   7.00     0.00000E+00     0.00000E+00     0.21666E-01     0.00000E+00     0.00000E+00     0.00000E+00     0.00000E+00     0.00000E+00     0.00000E+00     0.00000E+00 
   7.50     0.00000E+00     0.00000E+00     0.22500E-01     0.00000E+00     0.30092E-07     0.28193E-02     0.83333E-03     0.00000E+00     0.50000E-04     0.83333E-03 
   7.50     0.00000E+00     0.00000E+00     0.22500E-01     0.00000E+00     0.00000E+00     0.00000E+00     0.00000E+00     0.00000E+00     0.00000E+00     0.00000E+00 
   8.00     0.00000E+00     0.00000E+00     0.23333E-01     0.00000E+00     0.31250E-07     0.27167E-02     0.83333E-03     0.00000E+00     0.50000E-04     0.83333E-03 
   8.00     0.00000E+00     0.00000E+00     0.23333E-01     0.00000E+00     0.00000E+00     0.00000E+00     0.00000E+00     0.00000E+00     0.00000E+00     0.00000E+00 
   8.50     0.00000E+00     0.00000E+00     0.24166E-01     0.00000E+00     0.32407E-07     0.26215E-02     0.83333E-03     0.00000E+00     0.50000E-04     0.83333E-03 
   8.50     0.00000E+00     0.00000E+00     0.24166E-01     0.00000E+00     0.00000E+00     0.00000E+00     0.00000E+00     0.00000E+00     0.00000E+00     0.00000E+00 
   9.00     0.00000E+00     0.00000E+00     0.25000E-01     0.00000E+00     0.33564E-07     0.25328E-02     0.83333E-03     0.00000E+00     0.50000E-04     0.83333E-03 
   9.00     0.00000E+00     0.00000E+00     0.25000E-01     0.00000E+00     0.00000E+00     0.00000E+00     0.00000E+00     0.00000E+00     0.00000E+00     0.00000E+00 
   9.50     0.00000E+00     0.00000E+00     0.25833E-01     0.00000E+00     0.34722E-07     0.24500E-02     0.83333E-03     0.00000E+00     0.50000E-04     0.83333E-03 
   9.50     0.00000E+00     0.00000E+00     0.25833E-01     0.00000E+00     0.00000E+00     0.00000E+00     0.00000E+00     0.00000E+00     0.00000E+00     0.00000E+00 
  10.00     0.00000E+00     0.00000E+00     0.26666E-01     0.00000E+00     0.35879E-07     0.23726E-02     0.83333E-03     0.00000E+00     0.50000E-04     0.83333E-03 
  10.00     0.00000E+00     0.00000E+00     0.26666E-01     0.00000E+00     0.00000E+00     0.00000E+00     0.00000E+00     0.00000E+00     0.00000E+00     0.00000E+00 
  10.50     0.00000E+00     0.00000E+00     0.27499E-01     0.00000E+00     0.37036E-07     0.23000E-02     0.83333E-03     0.00000E+00     0.50000E-04     0.83333E-03 
  10.50     0.00000E+00     0.00000E+00     0.27499E-01     0.00000E+00     0.00000E+00     0.00000E+00     0.00000E+00     0.00000E+00     0.00000E+00     0.00000E+00 
  11.00     0.00000E+00     0.00000E+00     0.28333E-01     0.00000E+00     0.38194E-07     0.22319E-02     0.83333E-03     0.00000E+00     0.50000E-04     0.83333E-03 
  11.00     0.00000E+00     0.00000E+00     0.28333E-01     0.00000E+00     0.00000E+00     0.00000E+00     0.00000E+00     0.00000E+00     0.00000E+00     0.00000E+00 
  11.50     0.00000E+00     0.00000E+00     0.29166E-01     0.00000E+00     0.39351E-07     0.21677E-02     0.83333E-03     0.00000E+00     0.50000E-04     0.83333E-03 
  11.50     0.00000E+00     0.00000E+00     0.29166E-01     0.00000E+00     0.00000E+00     0.00000E+00     0.00000E+00     0.00000E+00     0.00000E+00     0.00000E+00 
  12.00     0.00000E+00     0.00000E+00     0.29999E-01     0.00000E+00     0.40508E-07     0.21072E-02     0.83333E-03     0.00000E+00     0.50000E-04     0.83333E-03 
  12.00     0.00000E+00     0.00000E+00     0.29999E-01     0.00000E+00     0.00000E+00     0.00000E+00     0.00000E+00     0.00000E+00     0.00000E+00     0.00000E+00 
  12.50     0.00000E+00     0.00000E+00     0.30833E-01     0.00000E+00     0.41666E-07     0.20500E-02     0.83333E-03     0.00000E+00     0.50000E-04     0.83333E-03 
  12.50     0.00000E+00     0.00000E+00     0.30833E-01     0.00000E+00     0.00000E+00     0.00000E+00     0.00000E+00     0.00000E+00     0.00000E+00     0.00000E+00 
  13.00     0.00000E+00     0.00000E+00     0.31666E-01     0.00000E+00     0.42823E-07     0.19960E-02     0.83333E-03     0.00000E+00     0.50000E-04     0.83333E-03 
  13.00     0.00000E+00     0.00000E+00     0.31666E-01     0.00000E+00     0.00000E+00     0.00000E+00     0.00000E+00     0.00000E+00     0.00000E+00     0.00000E+00 
  13.50     0.00000E+00     0.00000E+00     0.32499E-01     0.00000E+00     0.43980E-07     0.19448E-02     0.83333E-03     0.00000E+00     0.50000E-04     0.83333E-03 
  13.50     0.00000E+00     0.00000E+00     0.32499E-01     0.00000E+00     0.00000E+00     0.00000E+00     0.00000E+00     0.00000E+00     0.00000E+00     0.00000E+00 
  14.00     0.00000E+00     0.00000E+00     0.33333E-01     0.00000E+00     0.45138E-07     0.18962E-02     0.83333E-03     0.00000E+00     0.50000E-04     0.83333E-03 
  14.00     0.00000E+00     0.00000E+00     0.33333E-01     0.00000E+00     0.00000E+00     0.00000E+00     0.00000E+00     0.00000E+00     0.00000E+00     0.00000E+00 
  14.50     0.00000E+00     0.00000E+00     0.34166E-01     0.00000E+00     0.46295E-07     0.18500E-02     0.83333E-03     0.00000E+00     0.50000E-04     0.83333E-03 
  14.50     0.00000E+00     0.00000E+00     0.34166E-01     0.00000E+00     0.00000E+00     0.00000E+00     0.00000E+00     0.00000E+00     0.00000E+00     0.00000E+00 
  15.00     0.00000E+00     0.00000E+00     0.34999E-01     0.00000E+00     0.47452E-07     0.18061E-02     0.83333E-03     0.00000E+00     0.50000E-04     0.83333E-03 
  15.00     0.00000E+00     0.00000E+00     0.34999E-01     0.00000E+00     0.00000E+00     0.00000E+00     0.00000E+00     0.00000E+00     0.00000E+00     0.00000E+00 
  15.50     0.00000E+00     0.00000E+00     0.35832E-01     0.00000E+00     0.48610E-07     0.17643E-02     0.83333E-03     0.00000E+00     0.50000E-04     0.83333E-03 
  15.50     0.00000E+00     0.00000E+00     0.35832E-01     0.00000E+00     0.00000E+00     0.00000E+00     0.00000E+00     0.00000E+00     0.00000E+00     0.00000E+00 
  16.00     0.00000E+00     0.00000E+00     0.36666E-01     0.00000E+00     0.49767E-07     0.17245E-02     0.83333E-03     0.00000E+00     0.50000E-04     0.83333E-03 
  16.00     0.00000E+00     0.00000E+00     0.36666E-01     0.00000E+00     0.00000E+00     0.00000E+00     0.00000E+00     0.00000E+00     0.00000E+00     0.00000E+00 
  16.50     0.00000E+00     0.00000E+00     0.37499E-01     0.00000E+00     0.50925E-07     0.16864E-02     0.83333E-03     0.00000E+00     0.50000E-04     0.83333E-03 
  16.50     0.00000E+00     0.00000E+00     0.37499E-01     0.00000E+00     0.00000E+00     0.00000E+00     0.00000E+00     0.00000E+00     0.00000E+00     0.00000E+00 
  17.00     0.00000E+00     0.00000E+00     0.38332E-01     0.00000E+00     0.52082E-07     0.16500E-02     0.83333E-03     0.00000E+00     0.50000E-04     0.83333E-03 
  17.00     0.00000E+00     0.00000E+00     0.38332E-01     0.00000E+00     0.00000E+00     0.00000E+00     0.00000E+00     0.00000E+00     0.00000E+00     0.00000E+00 
  17.50     0.00000E+00     0.00000E+00     0.39165E-01     0.00000E+00     0.53239E-07     0.16153E-02     0.83333E-03     0.00000E+00     0.50000E-04     0.83333E-03 
  17.50     0.00000E+00     0.00000E+00     0.39165E-01     0.00000E+00     0.00000E+00     0.00000E+00     0.00000E+00     0.00000E+00     0.00000E+00     0.00000E+00 
  18.00     0.00000E+00     0.00000E+00     0.39999E-01     0.00000E+00     0.54397E-07     0.15820E-02     0.83333E-03     0.00000E+00     0.50000E-04     0.83333E-03 
  18.00     0.00000E+00     0.00000E+00     0.39999E-01     0.00000E+00     0.00000E+00     0.00000E+00     0.00000E+00     0.00000E+00     0.00000E+00     0.00000E+00 
  18.50     0.00000E+00     0.00000E+00     0.40832E-01     0.00000E+00     0.55554E-07     0.15500E-02     0.83333E-03     0.00000E+00     0.50000E-04     0.83333E-03 
  18.50     0.00000E+00     0.00000E+00     0.40832E-01     0.00000E+00     0.00000E+00     0.00000E+00     0.00000E+00     0.00000E+00     0.00000E+00     0.00000E+00 
  19.00     0.00000E+00     0.00000E+00     0.41665E-01     0.00000E+00     0.56711E-07     0.15194E-02     0.83333E-03     0.00000E+00     0.50000E-04     0.83333E-03 
  19.00     0.00000E+00     0.00000E+00     0.41665E-01     0.00000E+00     0.00000E+00     0.00000E+00     0.00000E+00     0.00000E+00     0.00000E+00     0.00000E+00 
  19.50     0.00000E+00     0.00000E+00     0.42499E-01     0.00000E+00     0.57869E-07     0.14900E-02     0.83333E-03     0.00000E+00     0.50000E-04     0.83333E-03 
  19.50     0.00000E+00     0.00000E+00     0.42499E-01     0.00000E+00     0.00000E+00     0.00000E+00     0.00000E+00     0.00000E+00     0.00000E+00     0.00000E+00 
  20.00     0.00000E+00     0.00000E+00     0.43332E-01     0.00000E+00     0.59026E-07     0.14618E-02     0.83333E-03     0.00000E+00     0.50000E-04     0.83333E-03 
  20.00     0.00000E+00     0.00000E+00     0.43332E-01     0.00000E+00     0.00000E+00     0.00000E+00     0.00000E+00     0.00000E+00     0.00000E+00     0.00000E+00 
  20.50     0.00000E+00     0.00000E+00     0.44165E-01     0.00000E+00     0.60183E-07     0.14347E-02     0.83333E-03     0.00000E+00     0.50000E-04     0.83333E-03 
  20.50     0.00000E+00     0.00000E+00     0.44165E-01     0.00000E+00     0.00000E+00     0.00000E+00     0.00000E+00     0.00000E+00     0.00000E+00     0.00000E+00 
  21.00     0.00000E+00     0.00000E+00     0.44998E-01     0.00000E+00     0.61340E-07     0.14085E-02     0.83333E-03     0.00000E+00     0.50000E-04     0.83333E-03 
  21.00     0.00000E+00     0.00000E+00     0.44998E-01     0.00000E+00     0.00000E+00     0.00000E+00     0.00000E+00     0.00000E+00     0.00000E+00     0.00000E+00 
  21.50     0.00000E+00     0.00000E+00     0.45832E-01     0.00000E+00     0.62498E-07     0.13834E-02     0.83333E-03     0.00000E+00     0.50000E-04     0.83333E-03 
  21.50     0.00000E+00     0.00000E+00     0.45832E-01     0.00000E+00     0.00000E+00     0.00000E+00     0.00000E+00     0.00000E+00     0.00000E+00     0.00000E+00 
  22.00     0.00000E+00     0.00000E+00     0.46665E-01     0.00000E+00     0.63655E-07     0.13591E-02     0.83333E-03     0.00000E+00     0.50000E-04     0.83333E-03 
  22.00     0.00000E+00     0.00000E+00     0.46665E-01     0.00000E+00     0.00000E+00     0.00000E+00     0.00000E+00     0.00000E+00     0.00000E+00     0.00000E+00 
  22.50     0.00000E+00     0.00000E+00     0.47498E-01     0.00000E+00     0.64812E-07     0.13358E-02     0.83333E-03     0.00000E+00     0.50000E-04     0.83333E-03 
  22.50     0.00000E+00     0.00000E+00     0.47498E-01     0.00000E+00     0.00000E+00     0.00000E+00     0.00000E+00     0.00000E+00     0.00000E+00     0.00000E+00 
  23.00     0.00000E+00     0.00000E+00     0.48331E-01     0.00000E+00     0.65970E-07     0.13132E-02     0.83333E-03     0.00000E+00     0.50000E-04     0.83333E-03 
  23.00     0.00000E+00     0.00000E+00     0.48331E-01     0.00000E+00     0.00000E+00     0.00000E+00     0.00000E+00     0.00000E+00     0.00000E+00     0.00000E+00 
  23.50     0.00000E+00     0.00000E+00     0.49165E-01     0.00000E+00     0.67127E-07     0.12914E-02     0.83333E-03     0.00000E+00     0.50000E-04     0.83333E-03 
  23.50     0.00000E+00     0.00000E+00     0.49165E-01     0.00000E+00     0.00000E+00     0.00000E+00     0.00000E+00     0.00000E+00     0.00000E+00     0.00000E+00 
  24.00     0.00000E+00     0.00000E+00     0.49998E-01     0.00000E+00     0.68284E-07     0.12704E-02     0.83333E-03     0.00000E+00     0.50000E-04     0.83333E-03 
  24.00     0.00000E+00     0.00000E+00     0.49998E-01     0.00000E+00     0.00000E+00     0.00000E+00     0.00000E+00     0.00000E+00     0.00000E+00     0.00000E+00 
  24.50     0.00000E+00     0.00000E+00     0.50831E-01     0.00000E+00     0.69442E-07     0.12500E-02     0.83333E-03     0.00000E+00     0.50000E-04     0.83333E-03 
  24.50     0.00000E+00     0.00000E+00     0.50831E-01     0.00000E+00     0.00000E+00     0.00000E+00     0.00000E+00     0.00000E+00     0.00000E+00     0.00000E+00 
  25.00     0.00000E+00     0.00000E+00     0.51665E-01     0.00000E+00     0.70599E-07     0.12304E-02     0.83333E-03     0.00000E+00     0.50000E-04     0.83333E-03 
  25.00     0.00000E+00     0.00000E+00     0.51665E-01     0.00000E+00     0.00000E+00     0.00000E+00     0.00000E+00     0.00000E+00     0.00000E+00     0.00000E+00 
  25.50     0.00000E+00     0.00000E+00     0.52498E-01     0.00000E+00     0.71756E-07     0.12113E-02     0.83333E-03     0.00000E+00     0.50000E-04     0.83333E-03 
  25.50     0.00000E+00     0.00000E+00     0.52498E-01     0.00000E+00     0.00000E+00     0.00000E+00     0.00000E+00     0.00000E+00     0.00000E+00     0.00000E+00 
  26.00     0.00000E+00     0.00000E+00     0.53331E-01     0.00000E+00     0.72914E-07     0.11929E-02     0.83333E-03     0.00000E+00     0.50000E-04     0.83333E-03 
  26.00     0.00000E+00     0.00000E+00     0.53331E-01     0.00000E+00     0.00000E+00     0.00000E+00     0.00000E+00     0.00000E+00     0.00000E+00     0.00000E+00 
  26.50     0.00000E+00     0.00000E+00     0.54164E-01     0.00000E+00     0.74071E-07     0.11750E-02     0.83333E-03     0.00000E+00     0.50000E-04     0.83333E-03 
  26.50     0.00000E+00     0.00000E+00     0.54164E-01     0.00000E+00     0.00000E+00     0.00000E+00     0.00000E+00     0.00000E+00     0.00000E+00     0.00000E+00 
  27.00     0.00000E+00     0.00000E+00     0.54998E-01     0.00000E+00     0.75228E-07     0.11577E-02     0.83333E-03     0.00000E+00     0.50000E-04     0.83333E-03 
  27.00     0.00000E+00     0.00000E+00     0.54998E-01     0.00000E+00     0.00000E+00     0.00000E+00     0.00000E+00     0.00000E+00     0.00000E+00     0.00000E+00 
  27.50     0.00000E+00     0.00000E+00     0.55831E-01     0.00000E+00     0.76386E-07     0.11410E-02     0.83333E-03     0.00000E+00     0.50000E-04     0.83333E-03 
  27.50     0.00000E+00     0.00000E+00     0.55831E-01     0.00000E+00     0.00000E+00     0.00000E+00     0.00000E+00     0.00000E+00     0.00000E+00     0.00000E+00 
  28.00     0.00000E+00     0.00000E+00     0.56664E-01     0.00000E+00     0.77543E-07     0.11247E-02     0.83333E-03     0.00000E+00     0.50000E-04     0.83333E-03 
  28.00     0.00000E+00     0.00000E+00     0.56664E-01     0.00000E+00     0.00000E+00     0.00000E+00     0.00000E+00     0.00000E+00     0.00000E+00     0.00000E+00 
  28.50     0.00000E+00     0.00000E+00     0.57497E-01     0.00000E+00     0.78700E-07     0.11089E-02     0.83333E-03     0.00000E+00     0.50000E-04     0.83333E-03 
  28.50     0.00000E+00     0.00000E+00     0.57497E-01     0.00000E+00     0.00000E+00     0.00000E+00     0.00000E+00     0.00000E+00     0.00000E+00     0.00000E+00 
  29.00     0.00000E+00     0.00000E+00     0.58331E-01     0.00000E+00     0.79857E-07     0.10935E-02     0.83333E-03     0.00000E+00     0.50000E-04     0.83333E-03 
  29.00     0.00000E+00     0.00000E+00     0.58331E-01     0.00000E+00     0.00000E+00     0.00000E+00     0.00000E+00     0.00000E+00     0.00000E+00     0.00000E+00 
  29.50     0.00000E+00     0.00000E+00     0.59164E-01     0.00000E+00     0.81015E-07     0.10786E-02     0.83333E-03     0.00000E+00     0.50000E-04     0.83333E-03 
  29.50     0.00000E+00     0.00000E+00     0.59164E-01     0.00000E+00     0.00000E+00     0.00000E+00     0.00000E+00     0.00000E+00     0.00000E+00     0.00000E+00 
  30.00     0.00000E+00     0.00000E+00     0.59997E-01     0.00000E+00     0.82172E-07     0.10641E-02     0.83333E-03     0.00000E+00     0.50000E-04     0.83333E-03 
  30.00     0.00000E+00     0.00000E+00     0.59997E-01     0.00000E+00     0.00000E+00     0.00000E+00     0.00000E+00     0.00000E+00     0.00000E+00     0.00000E+00 
  30.50     0.00000E+00     0.00000E+00     0.60830E-01     0.00000E+00     0.83329E-07     0.10500E-02     0.83333E-03     0.00000E+00     0.50000E-04     0.83333E-03 
  30.50     0.00000E+00     0.00000E+00     0.60830E-01     0.00000E+00     0.00000E+00     0.00000E+00     0.00000E+00     0.00000E+00     0.00000E+00     0.00000E+00 
  31.00     0.00000E+00     0.00000E+00     0.61664E-01     0.00000E+00     0.84487E-07     0.10363E-02     0.83333E-03     0.00000E+00     0.50000E-04     0.83333E-03 
  31.00     0.00000E+00     0.00000E+00     0.61664E-01     0.00000E+00     0.00000E+00     0.00000E+00     0.00000E+00     0.00000E+00     0.00000E+00     0.00000E+00 
  31.50     0.00000E+00     0.00000E+00     0.62497E-01     0.00000E+00     0.85644E-07     0.10230E-02     0.83333E-03     0.00000E+00     0.50000E-04     0.83333E-03 
  31.50     0.00000E+00     0.00000E+00     0.62497E-01     0.00000E+00     0.00000E+00     0.00000E+00     0.00000E+00     0.00000E+00     0.00000E+00     0.00000E+00 
  32.00     0.00000E+00     0.00000E+00     0.63330E-01     0.00000E+00     0.86801E-07     0.10100E-02     0.83333E-03     0.00000E+00     0.50000E-04     0.83333E-03 
  32.00     0.00000E+00     0.00000E+00     0.63330E-01     0.00000E+00     0.00000E+00     0.00000E+00     0.00000E+00     0.00000E+00     0.00000E+00     0.00000E+00 
  32.50     0.00000E+00     0.00000E+00     0.64163E-01     0.00000E+00     0.87958E-07     0.99742E-03     0.83333E-03     0.00000E+00     0.50000E-04     0.83333E-03 
  32.50     0.00000E+00     0.00000E+00     0.64163E-01     0.00000E+00     0.00000E+00     0.00000E+00     0.00000E+00     0.00000E+00     0.00000E+00     0.00000E+00 
  33.00     0.00000E+00     0.00000E+00     0.64997E-01     0.00000E+00     0.89116E-07     0.98511E-03     0.83333E-03     0.00000E+00     0.50000E-04     0.83333E-03 
  33.00     0.00000E+00     0.00000E+00     0.64997E-01     0.00000E+00     0.00000E+00     0.00000E+00     0.00000E+00     0.00000E+00     0.00000E+00     0.00000E+00 
  33.50     0.00000E+00     0.00000E+00     0.65830E-01     0.00000E+00     0.90273E-07     0.97313E-03     0.83333E-03     0.00000E+00     0.50000E-04     0.83333E-03 
  33.50     0.00000E+00     0.00000E+00     0.65830E-01     0.00000E+00     0.00000E+00     0.00000E+00     0.00000E+00     0.00000E+00     0.00000E+00     0.00000E+00 
  34.00     0.00000E+00     0.00000E+00     0.66663E-01     0.00000E+00     0.91430E-07     0.96144E-03     0.83333E-03     0.00000E+00     0.50000E-04     0.83333E-03 
  34.00     0.00000E+00     0.00000E+00     0.66663E-01     0.00000E+00     0.00000E+00     0.00000E+00     0.00000E+00     0.00000E+00     0.00000E+00     0.00000E+00 
  34.50     0.00000E+00     0.00000E+00     0.67496E-01     0.00000E+00     0.92588E-07     0.95005E-03     0.83333E-03     0.00000E+00     0.50000E-04     0.83333E-03 
  34.50     0.00000E+00     0.00000E+00     0.67496E-01     0.00000E+00     0.00000E+00     0.00000E+00     0.00000E+00     0.00000E+00     0.00000E+00     0.00000E+00 
  35.00     0.00000E+00     0.00000E+00     0.68330E-01     0.00000E+00     0.93745E-07     0.93894E-03     0.83333E-03     0.00000E+00     0.50000E-04     0.83333E-03 
  35.00     0.00000E+00     0.00000E+00     0.68330E-01     0.00000E+00     0.00000E+00     0.00000E+00     0.00000E+00     0.00000E+00     0.00000E+00     0.00000E+00 
  35.50     0.00000E+00     0.00000E+00     0.69163E-01     0.00000E+00     0.94902E-07     0.92810E-03     0.83333E-03     0.00000E+00     0.50000E-04     0.83333E-03 
  35.50     0.00000E+00     0.00000E+00     0.69163E-01     0.00000E+00     0.00000E+00     0.00000E+00     0.00000E+00     0.00000E+00     0.00000E+00     0.00000E+00 
  36.00     0.00000E+00     0.00000E+00     0.69996E-01     0.00000E+00     0.96059E-07     0.91752E-03     0.83333E-03     0.00000E+00     0.50000E-04     0.83333E-03 
  36.00     0.00000E+00     0.00000E+00     0.69996E-01     0.00000E+00     0.00000E+00     0.00000E+00     0.00000E+00     0.00000E+00     0.00000E+00     0.00000E+00 
  36.50     0.00000E+00     0.00000E+00     0.70829E-01     0.00000E+00     0.97217E-07     0.90719E-03     0.83333E-03     0.00000E+00     0.50000E-04     0.83333E-03 
  36.50     0.00000E+00     0.00000E+00     0.70829E-01     0.00000E+00     0.00000E+00     0.00000E+00     0.00000E+00     0.00000E+00     0.00000E+00     0.00000E+00 
  37.00     0.00000E+00     0.00000E+00     0.71663E-01     0.00000E+00     0.98374E-07     0.89711E-03     0.83333E-03     0.00000E+00     0.50000E-04     0.83333E-03 
  37.00     0.00000E+00     0.00000E+00     0.71663E-01     0.00000E+00     0.00000E+00     0.00000E+00     0.00000E+00     0.00000E+00     0.00000E+00     0.00000E+00 
  37.50     0.00000E+00     0.00000E+00     0.72496E-01     0.00000E+00     0.99531E-07     0.88726E-03     0.83333E-03     0.00000E+00     0.50000E-04     0.83333E-03 
  37.50     0.00000E+00     0.00000E+00     0.72496E-01     0.00000E+00     0.00000E+00     0.00000E+00     0.00000E+00     0.00000E+00     0.00000E+00     0.00000E+00 
  38.00     0.00000E+00     0.00000E+00     0.73329E-01     0.00000E+00     0.10069E-06     0.87763E-03     0.83333E-03     0.00000E+00     0.50000E-04     0.83333E-03 
  38.00     0.00000E+00     0.00000E+00     0.73329E-01     0.00000E+00     0.00000E+00     0.00000E+00     0.00000E+00     0.00000E+00     0.00000E+00     0.00000E+00 
  38.50     0.00000E+00     0.00000E+00     0.74162E-01     0.00000E+00     0.10185E-06     0.86823E-03     0.83333E-03     0.00000E+00     0.50000E-04     0.83333E-03 
  38.50     0.00000E+00     0.00000E+00     0.74162E-01     0.00000E+00     0.00000E+00     0.00000E+00     0.00000E+00     0.00000E+00     0.00000E+00     0.00000E+00 
  39.00     0.00000E+00     0.00000E+00     0.74995E-01     0.00000E+00     0.10300E-06     0.85904E-03     0.83333E-03     0.00000E+00     0.50000E-04     0.83333E-03 
  39.00     0.00000E+00     0.00000E+00     0.74995E-01     0.00000E+00     0.00000E+00     0.00000E+00     0.00000E+00     0.00000E+00     0.00000E+00     0.00000E+00 
  39.50     0.00000E+00     0.00000E+00     0.75829E-01     0.00000E+00     0.10416E-06     0.85005E-03     0.83333E-03     0.00000E+00     0.50000E-04     0.83333E-03 
  39.50     0.00000E+00     0.00000E+00     0.75829E-01     0.00000E+00     0.00000E+00     0.00000E+00     0.00000E+00     0.00000E+00     0.00000E+00     0.00000E+00 
  40.00     0.00000E+00     0.00000E+00     0.76662E-01     0.00000E+00     0.10532E-06     0.84126E-03     0.83333E-03     0.00000E+00     0.50000E-04     0.83333E-03 
  40.00     0.00000E+00     0.00000E+00     0.76662E-01     0.00000E+00     0.00000E+00     0.00000E+00     0.00000E+00     0.00000E+00     0.00000E+00     0.00000E+00 
  40.50     0.00000E+00     0.00000E+00     0.77495E-01     0.00000E+00     0.76480E-06     0.83266E-03     0.83266E-03     0.00000E+00     0.50000E-04     0.83333E-03 
  40.50     0.00000E+00     0.00000E+00     0.77495E-01     0.00000E+00     0.00000E+00     0.00000E+00     0.00000E+00     0.00000E+00     0.00000E+00     0.00000E+00 
  41.00     0.00000E+00     0.76959E-05     0.78319E-01     0.00000E+00     0.13889E-05     0.82425E-03     0.82425E-03     0.00000E+00     0.50000E-04     0.83333E-03 
  41.00     0.00000E+00     0.76959E-05     0.78319E-01     0.00000E+00     0.00000E+00     0.00000E+00     0.00000E+00     0.00000E+00     0.00000E+00     0.00000E+00 
  41.50     0.12826E-07     0.23527E-04     0.79135E-01     0.00000E+00     0.13889E-05     0.81610E-03     0.81610E-03     0.00000E+00     0.50000E-04     0.83333E-03 
  41.50     0.00000E+00     0.23527E-04     0.79135E-01     0.00000E+00     0.00000E+00     0.00000E+00     0.00000E+00     0.00000E+00     0.00000E+00     0.00000E+00 
  42.00     0.39212E-07     0.47233E-04     0.79943E-01     0.00000E+00     0.13889E-05     0.80820E-03     0.80820E-03     0.00000E+00     0.50000E-04     0.83333E-03 
  42.00     0.00000E+00     0.47233E-04     0.79943E-01     0.00000E+00     0.00000E+00     0.00000E+00     0.00000E+00     0.00000E+00     0.00000E+00     0.00000E+00 
  42.50     0.78722E-07     0.78564E-04     0.80744E-01     0.00000E+00     0.13889E-05     0.80053E-03     0.80053E-03     0.00000E+00     0.50000E-04     0.83333E-03 
  42.50     0.00000E+00     0.78564E-04     0.80744E-01     0.00000E+00     0.00000E+00     0.00000E+00     0.00000E+00     0.00000E+00     0.00000E+00     0.00000E+00 
  43.00     0.13094E-06     0.11728E-03     0.81537E-01     0.00000E+00     0.13889E-05     0.79309E-03     0.79309E-03     0.00000E+00     0.50000E-04     0.83333E-03 
  43.00     0.00000E+00     0.11728E-03     0.81537E-01     0.00000E+00     0.00000E+00     0.00000E+00     0.00000E+00     0.00000E+00     0.00000E+00     0.00000E+00 
  43.50     0.19547E-06     0.16317E-03     0.82323E-01     0.00000E+00     0.13889E-05     0.78587E-03     0.78587E-03     0.00000E+00     0.50000E-04     0.83333E-03 
  43.50     0.00000E+00     0.16317E-03     0.82323E-01     0.00000E+00     0.00000E+00     0.00000E+00     0.00000E+00     0.00000E+00     0.00000E+00     0.00000E+00 
  44.00     0.27195E-06     0.21600E-03     0.83101E-01     0.00000E+00     0.13889E-05     0.77884E-03     0.77884E-03     0.00000E+00     0.50000E-04     0.83333E-03 
  44.00     0.00000E+00     0.21600E-03     0.83101E-01     0.00000E+00     0.00000E+00     0.00000E+00     0.00000E+00     0.00000E+00     0.00000E+00     0.00000E+00 
  44.50     0.36000E-06     0.27558E-03     0.83873E-01     0.00000E+00     0.13889E-05     0.77201E-03     0.77201E-03     0.00000E+00     0.50000E-04     0.83333E-03 
  44.50     0.00000E+00     0.27558E-03     0.83873E-01     0.00000E+00     0.00000E+00     0.00000E+00     0.00000E+00     0.00000E+00     0.00000E+00     0.00000E+00 
  45.00     0.45929E-06     0.34170E-03     0.84639E-01     0.00000E+00     0.13889E-05     0.76536E-03     0.76536E-03     0.00000E+00     0.50000E-04     0.83333E-03 
  45.00     0.00000E+00     0.34170E-03     0.84639E-01     0.00000E+00     0.00000E+00     0.00000E+00     0.00000E+00     0.00000E+00     0.00000E+00     0.00000E+00 
  45.50     0.56949E-06     0.41418E-03     0.85398E-01     0.00000E+00     0.13889E-05     0.75890E-03     0.75890E-03     0.00000E+00     0.50000E-04     0.83333E-03 
  45.50     0.00000E+00     0.41418E-03     0.85398E-01     0.00000E+00     0.00000E+00     0.00000E+00     0.00000E+00     0.00000E+00     0.00000E+00     0.00000E+00 
  46.00     0.69029E-06     0.49283E-03     0.86150E-01     0.00000E+00     0.13889E-05     0.75260E-03     0.75260E-03     0.00000E+00     0.50000E-04     0.83333E-03 
  46.00     0.00000E+00     0.49283E-03     0.86150E-01     0.00000E+00     0.00000E+00     0.00000E+00     0.00000E+00     0.00000E+00     0.00000E+00     0.00000E+00 
  46.50     0.82139E-06     0.57750E-03     0.86897E-01     0.00000E+00     0.13889E-05     0.74646E-03     0.74646E-03     0.00000E+00     0.50000E-04     0.83333E-03 
  46.50     0.00000E+00     0.57750E-03     0.86897E-01     0.00000E+00     0.00000E+00     0.00000E+00     0.00000E+00     0.00000E+00     0.00000E+00     0.00000E+00 
  47.00     0.96250E-06     0.66801E-03     0.87637E-01     0.00000E+00     0.13889E-05     0.74048E-03     0.74048E-03     0.00000E+00     0.50000E-04     0.83333E-03 
  47.00     0.00000E+00     0.66801E-03     0.87637E-01     0.00000E+00     0.00000E+00     0.00000E+00     0.00000E+00     0.00000E+00     0.00000E+00     0.00000E+00 
  47.50     0.11133E-05     0.76420E-03     0.88372E-01     0.00000E+00     0.13889E-05     0.73464E-03     0.73464E-03     0.00000E+00     0.50000E-04     0.83333E-03 
  47.50     0.00000E+00     0.76420E-03     0.88372E-01     0.00000E+00     0.00000E+00     0.00000E+00     0.00000E+00     0.00000E+00     0.00000E+00     0.00000E+00 
  48.00     0.12737E-05     0.86592E-03     0.89101E-01     0.00000E+00     0.13889E-05     0.72895E-03     0.72895E-03     0.00000E+00     0.50000E-04     0.83333E-03 
  48.00     0.00000E+00     0.86592E-03     0.89101E-01     0.00000E+00     0.00000E+00     0.00000E+00     0.00000E+00     0.00000E+00     0.00000E+00     0.00000E+00 
  48.50     0.14432E-05     0.97302E-03     0.89824E-01     0.00000E+00     0.13889E-05     0.72339E-03     0.72339E-03     0.00000E+00     0.50000E-04     0.83333E-03 
  48.50     0.00000E+00     0.97302E-03     0.89824E-01     0.00000E+00     0.00000E+00     0.00000E+00     0.00000E+00     0.00000E+00     0.00000E+00     0.00000E+00 
  49.00     0.16217E-05     0.10854E-02     0.90542E-01     0.00000E+00     0.13889E-05     0.71797E-03     0.71797E-03     0.00000E+00     0.50000E-04     0.83333E-03 
  49.00     0.00000E+00     0.10854E-02     0.90542E-01     0.00000E+00     0.00000E+00     0.00000E+00     0.00000E+00     0.00000E+00     0.00000E+00     0.00000E+00 
  49.50     0.18090E-05     0.12028E-02     0.91255E-01     0.00000E+00     0.13889E-05     0.71267E-03     0.71267E-03     0.00000E+00     0.50000E-04     0.83333E-03 
  49.50     0.00000E+00     0.12028E-02     0.91255E-01     0.00000E+00     0.00000E+00     0.00000E+00     0.00000E+00     0.00000E+00     0.00000E+00     0.00000E+00 
  50.00     0.20047E-05     0.13253E-02     0.91962E-01     0.00000E+00     0.13889E-05     0.70750E-03     0.70750E-03     0.00000E+00     0.50000E-04     0.83333E-03 
  50.00     0.00000E+00     0.13253E-02     0.91962E-01     0.00000E+00     0.00000E+00     0.00000E+00     0.00000E+00     0.00000E+00     0.00000E+00     0.00000E+00 
  50.50     0.22088E-05     0.14526E-02     0.92665E-01     0.00000E+00     0.13889E-05     0.70244E-03     0.70244E-03     0.00000E+00     0.50000E-04     0.83333E-03 
  50.50     0.00000E+00     0.14526E-02     0.92665E-01     0.00000E+00     0.00000E+00     0.00000E+00     0.00000E+00     0.00000E+00     0.00000E+00     0.00000E+00 
  51.00     0.24210E-05     0.15846E-02     0.93362E-01     0.00000E+00     0.13889E-05     0.69750E-03     0.69750E-03     0.00000E+00     0.50000E-04     0.83333E-03 
  51.00     0.00000E+00     0.15846E-02     0.93362E-01     0.00000E+00     0.00000E+00     0.00000E+00     0.00000E+00     0.00000E+00     0.00000E+00     0.00000E+00 
  51.50     0.26410E-05     0.17212E-02     0.94055E-01     0.00000E+00     0.13889E-05     0.69266E-03     0.69266E-03     0.00000E+00     0.50000E-04     0.83333E-03 
  51.50     0.00000E+00     0.17212E-02     0.94055E-01     0.00000E+00     0.00000E+00     0.00000E+00     0.00000E+00     0.00000E+00     0.00000E+00     0.00000E+00 
  52.00     0.28687E-05     0.18624E-02     0.94743E-01     0.00000E+00     0.13889E-05     0.68793E-03     0.68793E-03     0.00000E+00     0.50000E-04     0.83333E-03 
  52.00     0.00000E+00     0.18624E-02     0.94743E-01     0.00000E+00     0.00000E+00     0.00000E+00     0.00000E+00     0.00000E+00     0.00000E+00     0.00000E+00 
  52.50     0.31040E-05     0.20079E-02     0.95426E-01     0.00000E+00     0.13889E-05     0.68329E-03     0.68329E-03     0.00000E+00     0.50000E-04     0.83333E-03 
  52.50     0.00000E+00     0.20079E-02     0.95426E-01     0.00000E+00     0.00000E+00     0.00000E+00     0.00000E+00     0.00000E+00     0.00000E+00     0.00000E+00 
  53.00     0.33466E-05     0.21578E-02     0.96105E-01     0.00000E+00     0.13889E-05     0.67876E-03     0.67876E-03     0.00000E+00     0.50000E-04     0.83333E-03 
  53.00     0.00000E+00     0.21578E-02     0.96105E-01     0.00000E+00     0.00000E+00     0.00000E+00     0.00000E+00     0.00000E+00     0.00000E+00     0.00000E+00 
  53.50     0.35963E-05     0.23118E-02     0.96779E-01     0.00000E+00     0.13889E-05     0.67432E-03     0.67432E-03     0.00000E+00     0.50000E-04     0.83333E-03 
  53.50     0.00000E+00     0.23118E-02     0.96779E-01     0.00000E+00     0.00000E+00     0.00000E+00     0.00000E+00     0.00000E+00     0.00000E+00     0.00000E+00 
  54.00     0.38530E-05     0.24699E-02     0.97449E-01     0.00000E+00     0.13889E-05     0.66997E-03     0.66997E-03     0.00000E+00     0.50000E-04     0.83333E-03 
  54.00     0.00000E+00     0.24699E-02     0.97449E-01     0.00000E+00     0.00000E+00     0.00000E+00     0.00000E+00     0.00000E+00     0.00000E+00     0.00000E+00 
  54.50     0.41166E-05     0.26321E-02     0.98115E-01     0.00000E+00     0.13889E-05     0.66571E-03     0.66571E-03     0.00000E+00     0.50000E-04     0.83333E-03 
  54.50     0.00000E+00     0.26321E-02     0.98115E-01     0.00000E+00     0.00000E+00     0.00000E+00     0.00000E+00     0.00000E+00     0.00000E+00     0.00000E+00 
  55.00     0.43868E-05     0.27981E-02     0.98776E-01     0.00000E+00     0.13889E-05     0.66153E-03     0.66153E-03     0.00000E+00     0.50000E-04     0.83333E-03 
  55.00     0.00000E+00     0.27981E-02     0.98776E-01     0.00000E+00     0.00000E+00     0.00000E+00     0.00000E+00     0.00000E+00     0.00000E+00     0.00000E+00 
  55.50     0.46635E-05     0.29679E-02     0.99434E-01     0.00000E+00     0.13889E-05     0.65743E-03     0.65743E-03     0.00000E+00     0.50000E-04     0.83333E-03 
  55.50     0.00000E+00     0.29679E-02     0.99434E-01     0.00000E+00     0.00000E+00     0.00000E+00     0.00000E+00     0.00000E+00     0.00000E+00     0.00000E+00 
  56.00     0.49466E-05     0.31415E-02     0.10009E+00     0.00000E+00     0.13889E-05     0.65342E-03     0.65342E-03     0.00000E+00     0.50000E-04     0.83333E-03 
  56.00     0.00000E+00     0.31415E-02     0.10009E+00     0.00000E+00     0.00000E+00     0.00000E+00     0.00000E+00     0.00000E+00     0.00000E+00     0.00000E+00 
  56.50     0.52359E-05     0.33187E-02     0.10069E+00     0.50000E-04     0.13889E-05     0.64948E-03     0.64948E-03     0.50000E-04     0.50000E-04     0.83333E-03 
  56.50     0.00000E+00     0.33187E-02     0.10069E+00     0.50000E-04     0.00000E+00     0.00000E+00     0.00000E+00     0.00000E+00     0.00000E+00     0.00000E+00 
  57.00     0.55312E-05     0.34993E-02     0.10128E+00     0.10000E-03     0.13889E-05     0.64591E-03     0.64591E-03     0.50000E-04     0.50000E-04     0.83333E-03 
  57.00     0.00000E+00     0.34993E-02     0.10128E+00     0.10000E-03     0.00000E+00     0.00000E+00     0.00000E+00     0.00000E+00     0.00000E+00     0.00000E+00 
  57.50     0.58321E-05     0.36830E-02     0.10188E+00     0.15000E-03     0.13889E-05     0.64240E-03     0.64240E-03     0.50000E-04     0.50000E-04     0.83333E-03 
  57.50     0.00000E+00     0.36830E-02     0.10188E+00     0.15000E-03     0.00000E+00     0.00000E+00     0.00000E+00     0.00000E+00     0.00000E+00     0.00000E+00 
  58.00     0.61383E-05     0.38698E-02     0.10246E+00     0.20000E-03     0.13889E-05     0.63896E-03     0.63896E-03     0.50000E-04     0.50000E-04     0.83333E-03 
  58.00     0.00000E+00     0.38698E-02     0.10246E+00     0.20000E-03     0.00000E+00     0.00000E+00     0.00000E+00     0.00000E+00     0.00000E+00     0.00000E+00 
  58.50     0.64497E-05     0.40597E-02     0.10305E+00     0.25000E-03     0.13889E-05     0.63557E-03     0.63557E-03     0.50000E-04     0.50000E-04     0.83333E-03 
  58.50     0.00000E+00     0.40597E-02     0.10305E+00     0.25000E-03     0.00000E+00     0.00000E+00     0.00000E+00     0.00000E+00     0.00000E+00     0.00000E+00 
  59.00     0.67662E-05     0.42527E-02     0.10363E+00     0.30000E-03     0.13889E-05     0.63224E-03     0.63224E-03     0.50000E-04     0.50000E-04     0.83333E-03 
  59.00     0.00000E+00     0.42527E-02     0.10363E+00     0.30000E-03     0.00000E+00     0.00000E+00     0.00000E+00     0.00000E+00     0.00000E+00     0.00000E+00 
  59.50     0.70878E-05     0.44486E-02     0.10421E+00     0.35000E-03     0.13889E-05     0.62897E-03     0.62897E-03     0.50000E-04     0.50000E-04     0.83333E-03 
  59.50     0.00000E+00     0.44486E-02     0.10421E+00     0.35000E-03     0.00000E+00     0.00000E+00     0.00000E+00     0.00000E+00     0.00000E+00     0.00000E+00 
  60.00     0.74143E-05     0.46473E-02     0.10479E+00     0.40000E-03     0.13889E-05     0.62576E-03     0.62576E-03     0.50000E-04     0.50000E-04     0.83333E-03 
  60.00     0.00000E+00     0.46473E-02     0.10479E+00     0.40000E-03     0.00000E+00     0.00000E+00     0.00000E+00     0.00000E+00     0.00000E+00     0.00000E+00 
  60.50     0.77455E-05     0.48489E-02     0.10536E+00     0.45000E-03     0.13889E-05     0.62259E-03     0.62259E-03     0.50000E-04     0.50000E-04     0.83333E-03 
  60.50     0.00000E+00     0.48489E-02     0.10536E+00     0.45000E-03     0.00000E+00     0.00000E+00     0.00000E+00     0.00000E+00     0.00000E+00     0.00000E+00 
  61.00     0.80816E-05     0.50533E-02     0.10593E+00     0.50000E-03     0.13889E-05     0.61948E-03     0.61948E-03     0.50000E-04     0.50000E-04     0.83333E-03 
  61.00     0.00000E+00     0.50533E-02     0.10593E+00     0.50000E-03     0.00000E+00     0.00000E+00     0.00000E+00     0.00000E+00     0.00000E+00     0.00000E+00 
  61.50     0.84222E-05     0.52604E-02     0.10650E+00     0.55000E-03     0.13889E-05     0.61642E-03     0.61642E-03     0.50000E-04     0.50000E-04     0.83333E-03 
  61.50     0.00000E+00     0.52604E-02     0.10650E+00     0.55000E-03     0.00000E+00     0.00000E+00     0.00000E+00     0.00000E+00     0.00000E+00     0.00000E+00 
  62.00     0.87674E-05     0.54702E-02     0.10706E+00     0.60000E-03     0.13889E-05     0.61341E-03     0.61341E-03     0.50000E-04     0.50000E-04     0.83333E-03 
  62.00     0.00000E+00     0.54702E-02     0.10706E+00     0.60000E-03     0.00000E+00     0.00000E+00     0.00000E+00     0.00000E+00     0.00000E+00     0.00000E+00 
  62.50     0.91170E-05     0.56826E-02     0.10762E+00     0.65000E-03     0.13889E-05     0.61044E-03     0.61044E-03     0.50000E-04     0.50000E-04     0.83333E-03 
  62.50     0.00000E+00     0.56826E-02     0.10762E+00     0.65000E-03     0.00000E+00     0.00000E+00     0.00000E+00     0.00000E+00     0.00000E+00     0.00000E+00 
  63.00     0.94710E-05     0.58975E-02     0.10818E+00     0.70000E-03     0.13889E-05     0.60752E-03     0.60752E-03     0.50000E-04     0.50000E-04     0.83333E-03 
  63.00     0.00000E+00     0.58975E-02     0.10818E+00     0.70000E-03     0.00000E+00     0.00000E+00     0.00000E+00     0.00000E+00     0.00000E+00     0.00000E+00 
  63.50     0.98292E-05     0.61150E-02     0.10873E+00     0.75000E-03     0.13889E-05     0.60465E-03     0.60465E-03     0.50000E-04     0.50000E-04     0.83333E-03 
  63.50     0.00000E+00     0.61150E-02     0.10873E+00     0.75000E-03     0.00000E+00     0.00000E+00     0.00000E+00     0.00000E+00     0.00000E+00     0.00000E+00 
  64.00     0.10192E-04     0.63349E-02     0.10928E+00     0.80000E-03     0.13889E-05     0.60182E-03     0.60182E-03     0.50000E-04     0.50000E-04     0.83333E-03 
  64.00     0.00000E+00     0.63349E-02     0.10928E+00     0.80000E-03     0.00000E+00     0.00000E+00     0.00000E+00     0.00000E+00     0.00000E+00     0.00000E+00 
  64.50     0.10558E-04     0.65573E-02     0.10983E+00     0.85000E-03     0.13889E-05     0.59903E-03     0.59903E-03     0.50000E-04     0.50000E-04     0.83333E-03 
  64.50     0.00000E+00     0.65573E-02     0.10983E+00     0.85000E-03     0.00000E+00     0.00000E+00     0.00000E+00     0.00000E+00     0.00000E+00     0.00000E+00 
  65.00     0.10929E-04     0.67820E-02     0.11038E+00     0.90000E-03     0.13889E-05     0.59629E-03     0.59629E-03     0.50000E-04     0.50000E-04     0.83333E-03 
  65.00     0.00000E+00     0.67820E-02     0.11038E+00     0.90000E-03     0.00000E+00     0.00000E+00     0.00000E+00     0.00000E+00     0.00000E+00     0.00000E+00 
  65.50     0.11303E-04     0.70091E-02     0.11092E+00     0.95000E-03     0.13889E-05     0.59359E-03     0.59359E-03     0.50000E-04     0.50000E-04     0.83333E-03 
  65.50     0.00000E+00     0.70091E-02     0.11092E+00     0.95000E-03     0.00000E+00     0.00000E+00     0.00000E+00     0.00000E+00     0.00000E+00     0.00000E+00 
  66.00     0.11682E-04     0.72384E-02     0.11146E+00     0.10000E-02     0.13889E-05     0.59092E-03     0.59092E-03     0.50000E-04     0.50000E-04     0.83333E-03 
  66.00     0.00000E+00     0.72384E-02     0.11146E+00     0.10000E-02     0.00000E+00     0.00000E+00     0.00000E+00     0.00000E+00     0.00000E+00     0.00000E+00 
  66.50     0.12064E-04     0.74700E-02     0.11200E+00     0.10500E-02     0.13889E-05     0.58830E-03     0.58830E-03     0.50000E-04     0.50000E-04     0.83333E-03 
  66.50     0.00000E+00     0.74700E-02     0.11200E+00     0.10500E-02     0.00000E+00     0.00000E+00     0.00000E+00     0.00000E+00     0.00000E+00     0.00000E+00 
  67.00     0.12450E-04     0.77038E-02     0.11254E+00     0.11000E-02     0.13889E-05     0.58571E-03     0.58571E-03     0.50000E-04     0.50000E-04     0.83333E-03 
  67.00     0.00000E+00     0.77038E-02     0.11254E+00     0.11000E-02     0.00000E+00     0.00000E+00     0.00000E+00     0.00000E+00     0.00000E+00     0.00000E+00 
  67.50     0.12840E-04     0.79397E-02     0.11307E+00     0.11500E-02     0.13889E-05     0.58316E-03     0.58316E-03     0.50000E-04     0.50000E-04     0.83333E-03 
  67.50     0.00000E+00     0.79397E-02     0.11307E+00     0.11500E-02     0.00000E+00     0.00000E+00     0.00000E+00     0.00000E+00     0.00000E+00     0.00000E+00 
  68.00     0.13233E-04     0.81778E-02     0.11360E+00     0.12000E-02     0.13889E-05     0.58065E-03     0.58065E-03     0.50000E-04     0.50000E-04     0.83333E-03 
  68.00     0.00000E+00     0.81778E-02     0.11360E+00     0.12000E-02     0.00000E+00     0.00000E+00     0.00000E+00     0.00000E+00     0.00000E+00     0.00000E+00 
  68.50     0.13630E-04     0.84179E-02     0.11413E+00     0.12500E-02     0.13889E-05     0.57817E-03     0.57817E-03     0.50000E-04     0.50000E-04     0.83333E-03 
  68.50     0.00000E+00     0.84179E-02     0.11413E+00     0.12500E-02     0.00000E+00     0.00000E+00     0.00000E+00     0.00000E+00     0.00000E+00     0.00000E+00 
  69.00     0.14030E-04     0.86601E-02     0.11465E+00     0.13000E-02     0.13889E-05     0.57572E-03     0.57572E-03     0.50000E-04     0.50000E-04     0.83333E-03 
  69.00     0.00000E+00     0.86601E-02     0.11465E+00     0.13000E-02     0.00000E+00     0.00000E+00     0.00000E+00     0.00000E+00     0.00000E+00     0.00000E+00 
  69.50     0.14434E-04     0.89043E-02     0.11518E+00     0.13500E-02     0.13889E-05     0.57331E-03     0.57331E-03     0.50000E-04     0.50000E-04     0.83333E-03 
  69.50     0.00000E+00     0.89043E-02     0.11518E+00     0.13500E-02     0.00000E+00     0.00000E+00     0.00000E+00     0.00000E+00     0.00000E+00     0.00000E+00 
  70.00     0.14841E-04     0.91505E-02     0.11570E+00     0.14000E-02     0.13889E-05     0.57093E-03     0.57093E-03     0.50000E-04     0.50000E-04     0.83333E-03 
  70.00     0.00000E+00     0.91505E-02     0.11570E+00     0.14000E-02     0.00000E+00     0.00000E+00     0.00000E+00     0.00000E+00     0.00000E+00     0.00000E+00 
  70.50     0.15251E-04     0.93986E-02     0.11622E+00     0.14500E-02     0.13889E-05     0.56859E-03     0.56859E-03     0.50000E-04     0.50000E-04     0.83333E-03 
  70.50     0.00000E+00     0.93986E-02     0.11622E+00     0.14500E-02     0.00000E+00     0.00000E+00     0.00000E+00     0.00000E+00     0.00000E+00     0.00000E+00 
  71.00     0.15664E-04     0.96486E-02     0.11673E+00     0.15000E-02     0.13889E-05     0.56627E-03     0.56627E-03     0.50000E-04     0.50000E-04     0.83333E-03 
  71.00     0.00000E+00     0.96486E-02     0.11673E+00     0.15000E-02     0.00000E+00     0.00000E+00     0.00000E+00     0.00000E+00     0.00000E+00     0.00000E+00 
  71.50     0.16081E-04     0.99005E-02     0.11725E+00     0.15500E-02     0.13889E-05     0.56399E-03     0.56399E-03     0.50000E-04     0.50000E-04     0.83333E-03 
  71.50     0.00000E+00     0.99005E-02     0.11725E+00     0.15500E-02     0.00000E+00     0.00000E+00     0.00000E+00     0.00000E+00     0.00000E+00     0.00000E+00 
  72.00     0.16501E-04     0.10154E-01     0.11776E+00     0.16000E-02     0.13889E-05     0.56174E-03     0.56174E-03     0.50000E-04     0.50000E-04     0.83333E-03 
  72.00     0.00000E+00     0.10154E-01     0.11776E+00     0.16000E-02     0.00000E+00     0.00000E+00     0.00000E+00     0.00000E+00     0.00000E+00     0.00000E+00 
  72.50     0.16924E-04     0.10410E-01     0.11827E+00     0.16500E-02     0.13889E-05     0.55951E-03     0.55951E-03     0.50000E-04     0.50000E-04     0.83333E-03 
  72.50     0.00000E+00     0.10410E-01     0.11827E+00     0.16500E-02     0.00000E+00     0.00000E+00     0.00000E+00     0.00000E+00     0.00000E+00     0.00000E+00 
  73.00     0.17349E-04     0.10667E-01     0.11878E+00     0.17000E-02     0.13889E-05     0.55732E-03     0.55732E-03     0.50000E-04     0.50000E-04     0.83333E-03 
  73.00     0.00000E+00     0.10667E-01     0.11878E+00     0.17000E-02     0.00000E+00     0.00000E+00     0.00000E+00     0.00000E+00     0.00000E+00     0.00000E+00 
  73.50     0.17778E-04     0.10926E-01     0.11928E+00     0.17500E-02     0.13889E-05     0.55515E-03     0.55515E-03     0.50000E-04     0.50000E-04     0.83333E-03 
  73.50     0.00000E+00     0.10926E-01     0.11928E+00     0.17500E-02     0.00000E+00     0.00000E+00     0.00000E+00     0.00000E+00     0.00000E+00     0.00000E+00 
  74.00     0.18210E-04     0.11187E-01     0.11978E+00     0.18000E-02     0.13889E-05     0.55301E-03     0.55301E-03     0.50000E-04     0.50000E-04     0.83333E-03 
  74.00     0.00000E+00     0.11187E-01     0.11978E+00     0.18000E-02     0.00000E+00     0.00000E+00     0.00000E+00     0.00000E+00     0.00000E+00     0.00000E+00 
  74.50     0.18644E-04     0.11449E-01     0.12029E+00     0.18500E-02     0.13889E-05     0.55090E-03     0.55090E-03     0.50000E-04     0.50000E-04     0.83333E-03 
  74.50     0.00000E+00     0.11449E-01     0.12029E+00     0.18500E-02     0.00000E+00     0.00000E+00     0.00000E+00     0.00000E+00     0.00000E+00     0.00000E+00 
  75.00     0.19082E-04     0.11713E-01     0.12078E+00     0.19000E-02     0.13889E-05     0.54881E-03     0.54881E-03     0.50000E-04     0.50000E-04     0.83333E-03 
  75.00     0.00000E+00     0.11713E-01     0.12078E+00     0.19000E-02     0.00000E+00     0.00000E+00     0.00000E+00     0.00000E+00     0.00000E+00     0.00000E+00 
  75.50     0.19522E-04     0.11979E-01     0.12128E+00     0.19500E-02     0.13889E-05     0.54675E-03     0.54675E-03     0.50000E-04     0.50000E-04     0.83333E-03 
  75.50     0.00000E+00     0.11979E-01     0.12128E+00     0.19500E-02     0.00000E+00     0.00000E+00     0.00000E+00     0.00000E+00     0.00000E+00     0.00000E+00 
  76.00     0.19965E-04     0.12246E-01     0.12178E+00     0.20000E-02     0.13889E-05     0.54472E-03     0.54472E-03     0.50000E-04     0.50000E-04     0.83333E-03 
  76.00     0.00000E+00     0.12246E-01     0.12178E+00     0.20000E-02     0.00000E+00     0.00000E+00     0.00000E+00     0.00000E+00     0.00000E+00     0.00000E+00 
  76.50     0.20410E-04     0.12515E-01     0.12227E+00     0.20500E-02     0.13889E-05     0.54271E-03     0.54271E-03     0.50000E-04     0.50000E-04     0.83333E-03 
  76.50     0.00000E+00     0.12515E-01     0.12227E+00     0.20500E-02     0.00000E+00     0.00000E+00     0.00000E+00     0.00000E+00     0.00000E+00     0.00000E+00 
  77.00     0.20858E-04     0.12785E-01     0.12276E+00     0.21000E-02     0.13889E-05     0.54072E-03     0.54072E-03     0.50000E-04     0.50000E-04     0.83333E-03 
  77.00     0.00000E+00     0.12785E-01     0.12276E+00     0.21000E-02     0.00000E+00     0.00000E+00     0.00000E+00     0.00000E+00     0.00000E+00     0.00000E+00 
  77.50     0.21309E-04     0.13057E-01     0.12325E+00     0.21500E-02     0.13889E-05     0.53876E-03     0.53876E-03     0.50000E-04     0.50000E-04     0.83333E-03 
  77.50     0.00000E+00     0.13057E-01     0.12325E+00     0.21500E-02     0.00000E+00     0.00000E+00     0.00000E+00     0.00000E+00     0.00000E+00     0.00000E+00 
  78.00     0.21762E-04     0.13330E-01     0.12373E+00     0.22000E-02     0.13889E-05     0.53682E-03     0.53682E-03     0.50000E-04     0.50000E-04     0.83333E-03 
  78.00     0.00000E+00     0.13330E-01     0.12373E+00     0.22000E-02     0.00000E+00     0.00000E+00     0.00000E+00     0.00000E+00     0.00000E+00     0.00000E+00 
  78.50     0.22217E-04     0.13605E-01     0.12422E+00     0.22500E-02     0.13889E-05     0.53491E-03     0.53491E-03     0.50000E-04     0.50000E-04     0.83333E-03 
  78.50     0.00000E+00     0.13605E-01     0.12422E+00     0.22500E-02     0.00000E+00     0.00000E+00     0.00000E+00     0.00000E+00     0.00000E+00     0.00000E+00 
  79.00     0.22676E-04     0.13882E-01     0.12470E+00     0.23000E-02     0.13889E-05     0.53302E-03     0.53302E-03     0.50000E-04     0.50000E-04     0.83333E-03 
  79.00     0.00000E+00     0.13882E-01     0.12470E+00     0.23000E-02     0.00000E+00     0.00000E+00     0.00000E+00     0.00000E+00     0.00000E+00     0.00000E+00 
  79.50     0.23136E-04     0.14159E-01     0.12518E+00     0.23500E-02     0.13889E-05     0.53115E-03     0.53115E-03     0.50000E-04     0.50000E-04     0.83333E-03 
  79.50     0.00000E+00     0.14159E-01     0.12518E+00     0.23500E-02     0.00000E+00     0.00000E+00     0.00000E+00     0.00000E+00     0.00000E+00     0.00000E+00 
  80.00     0.23599E-04     0.14438E-01     0.12566E+00     0.24000E-02     0.13889E-05     0.52930E-03     0.52930E-03     0.50000E-04     0.50000E-04     0.83333E-03 
  80.00     0.00000E+00     0.14438E-01     0.12566E+00     0.24000E-02     0.00000E+00     0.00000E+00     0.00000E+00     0.00000E+00     0.00000E+00     0.00000E+00 
  80.50     0.24064E-04     0.14719E-01     0.12614E+00     0.24500E-02     0.13889E-05     0.52747E-03     0.52747E-03     0.50000E-04     0.50000E-04     0.83333E-03 
  80.50     0.00000E+00     0.14719E-01     0.12614E+00     0.24500E-02     0.00000E+00     0.00000E+00     0.00000E+00     0.00000E+00     0.00000E+00     0.00000E+00 
  81.00     0.24531E-04     0.15000E-01     0.12662E+00     0.25000E-02     0.13889E-05     0.52566E-03     0.52566E-03     0.50000E-04     0.50000E-04     0.83333E-03 
  81.00     0.00000E+00     0.15000E-01     0.12662E+00     0.25000E-02     0.00000E+00     0.00000E+00     0.00000E+00     0.00000E+00     0.00000E+00     0.00000E+00 
  81.50     0.25001E-04     0.15283E-01     0.12709E+00     0.25500E-02     0.13889E-05     0.52387E-03     0.52387E-03     0.50000E-04     0.50000E-04     0.83333E-03 
  81.50     0.00000E+00     0.15283E-01     0.12709E+00     0.25500E-02     0.00000E+00     0.00000E+00     0.00000E+00     0.00000E+00     0.00000E+00     0.00000E+00 
  82.00     0.25473E-04     0.15568E-01     0.12756E+00     0.26000E-02     0.13889E-05     0.52211E-03     0.52211E-03     0.50000E-04     0.50000E-04     0.83333E-03 
  82.00     0.00000E+00     0.15568E-01     0.12756E+00     0.26000E-02     0.00000E+00     0.00000E+00     0.00000E+00     0.00000E+00     0.00000E+00     0.00000E+00 
  82.50     0.25946E-04     0.15854E-01     0.12803E+00     0.26500E-02     0.13889E-05     0.52036E-03     0.52036E-03     0.50000E-04     0.50000E-04     0.83333E-03 
  82.50     0.00000E+00     0.15854E-01     0.12803E+00     0.26500E-02     0.00000E+00     0.00000E+00     0.00000E+00     0.00000E+00     0.00000E+00     0.00000E+00 
  83.00     0.26423E-04     0.16140E-01     0.12850E+00     0.27000E-02     0.13889E-05     0.51863E-03     0.51863E-03     0.50000E-04     0.50000E-04     0.83333E-03 
  83.00     0.00000E+00     0.16140E-01     0.12850E+00     0.27000E-02     0.00000E+00     0.00000E+00     0.00000E+00     0.00000E+00     0.00000E+00     0.00000E+00 
  83.50     0.26901E-04     0.16429E-01     0.12897E+00     0.27500E-02     0.13889E-05     0.51692E-03     0.51692E-03     0.50000E-04     0.50000E-04     0.83333E-03 
  83.50     0.00000E+00     0.16429E-01     0.12897E+00     0.27500E-02     0.00000E+00     0.00000E+00     0.00000E+00     0.00000E+00     0.00000E+00     0.00000E+00 
  84.00     0.27381E-04     0.16718E-01     0.12943E+00     0.28000E-02     0.13889E-05     0.51523E-03     0.51523E-03     0.50000E-04     0.50000E-04     0.83333E-03 
  84.00     0.00000E+00     0.16718E-01     0.12943E+00     0.28000E-02     0.00000E+00     0.00000E+00     0.00000E+00     0.00000E+00     0.00000E+00     0.00000E+00 
  84.50     0.27863E-04     0.17008E-01     0.12990E+00     0.28500E-02     0.13889E-05     0.51356E-03     0.51356E-03     0.50000E-04     0.50000E-04     0.83333E-03 
  84.50     0.00000E+00     0.17008E-01     0.12990E+00     0.28500E-02     0.00000E+00     0.00000E+00     0.00000E+00     0.00000E+00     0.00000E+00     0.00000E+00 
  85.00     0.28347E-04     0.17300E-01     0.13036E+00     0.29000E-02     0.13889E-05     0.51191E-03     0.51191E-03     0.50000E-04     0.50000E-04     0.83333E-03 
  85.00     0.00000E+00     0.17300E-01     0.13036E+00     0.29000E-02     0.00000E+00     0.00000E+00     0.00000E+00     0.00000E+00     0.00000E+00     0.00000E+00 
  85.50     0.28833E-04     0.17593E-01     0.13082E+00     0.29500E-02     0.13889E-05     0.51027E-03     0.51027E-03     0.50000E-04     0.50000E-04     0.83333E-03 
  85.50     0.00000E+00     0.17593E-01     0.13082E+00     0.29500E-02     0.00000E+00     0.00000E+00     0.00000E+00     0.00000E+00     0.00000E+00     0.00000E+00 
  86.00     0.29321E-04     0.17887E-01     0.13128E+00     0.30000E-02     0.13889E-05     0.50865E-03     0.50865E-03     0.50000E-04     0.50000E-04     0.83333E-03 
  86.00     0.00000E+00     0.17887E-01     0.13128E+00     0.30000E-02     0.00000E+00     0.00000E+00     0.00000E+00     0.00000E+00     0.00000E+00     0.00000E+00 
  86.50     0.29811E-04     0.18182E-01     0.13173E+00     0.30500E-02     0.13889E-05     0.50705E-03     0.50705E-03     0.50000E-04     0.50000E-04     0.83333E-03 
  86.50     0.00000E+00     0.18182E-01     0.13173E+00     0.30500E-02     0.00000E+00     0.00000E+00     0.00000E+00     0.00000E+00     0.00000E+00     0.00000E+00 
  87.00     0.30303E-04     0.18478E-01     0.13219E+00     0.31000E-02     0.13889E-05     0.50546E-03     0.50546E-03     0.50000E-04     0.50000E-04     0.83333E-03 
  87.00     0.00000E+00     0.18478E-01     0.13219E+00     0.31000E-02     0.00000E+00     0.00000E+00     0.00000E+00     0.00000E+00     0.00000E+00     0.00000E+00 
  87.50     0.30797E-04     0.18775E-01     0.13264E+00     0.31500E-02     0.13889E-05     0.50389E-03     0.50389E-03     0.50000E-04     0.50000E-04     0.83333E-03 
  87.50     0.00000E+00     0.18775E-01     0.13264E+00     0.31500E-02     0.00000E+00     0.00000E+00     0.00000E+00     0.00000E+00     0.00000E+00     0.00000E+00 
  88.00     0.31292E-04     0.19074E-01     0.13310E+00     0.32000E-02     0.13889E-05     0.50234E-03     0.50234E-03     0.50000E-04     0.50000E-04     0.83333E-03 
  88.00     0.00000E+00     0.19074E-01     0.13310E+00     0.32000E-02     0.00000E+00     0.00000E+00     0.00000E+00     0.00000E+00     0.00000E+00     0.00000E+00 
  88.50     0.31790E-04     0.19373E-01     0.13355E+00     0.32500E-02     0.13889E-05     0.50080E-03     0.50080E-03     0.50000E-04     0.50000E-04     0.83333E-03 
  88.50     0.00000E+00     0.19373E-01     0.13355E+00     0.32500E-02     0.00000E+00     0.00000E+00     0.00000E+00     0.00000E+00     0.00000E+00     0.00000E+00 
  89.00     0.32288E-04     0.19673E-01     0.13400E+00     0.33000E-02     0.13889E-05     0.49928E-03     0.49928E-03     0.50000E-04     0.50000E-04     0.83333E-03 
  89.00     0.00000E+00     0.19673E-01     0.13400E+00     0.33000E-02     0.00000E+00     0.00000E+00     0.00000E+00     0.00000E+00     0.00000E+00     0.00000E+00 
  89.50     0.32789E-04     0.19975E-01     0.13444E+00     0.33500E-02     0.13889E-05     0.49777E-03     0.49777E-03     0.50000E-04     0.50000E-04     0.83333E-03 
  89.50     0.00000E+00     0.19975E-01     0.13444E+00     0.33500E-02     0.00000E+00     0.00000E+00     0.00000E+00     0.00000E+00     0.00000E+00     0.00000E+00 
  90.00     0.33291E-04     0.20277E-01     0.13489E+00     0.34000E-02     0.13889E-05     0.49628E-03     0.49628E-03     0.50000E-04     0.50000E-04     0.83333E-03 
  90.00     0.00000E+00     0.20277E-01     0.13489E+00     0.34000E-02     0.00000E+00     0.00000E+00     0.00000E+00     0.00000E+00     0.00000E+00     0.00000E+00 
  90.50     0.33795E-04     0.20581E-01     0.13534E+00     0.34500E-02     0.13889E-05     0.49481E-03     0.49481E-03     0.50000E-04     0.50000E-04     0.83333E-03 
  90.50     0.00000E+00     0.20581E-01     0.13534E+00     0.34500E-02     0.00000E+00     0.00000E+00     0.00000E+00     0.00000E+00     0.00000E+00     0.00000E+00 
  91.00     0.34301E-04     0.20885E-01     0.13578E+00     0.35000E-02     0.13889E-05     0.49334E-03     0.49334E-03     0.50000E-04     0.50000E-04     0.83333E-03 
  91.00     0.00000E+00     0.20885E-01     0.13578E+00     0.35000E-02     0.00000E+00     0.00000E+00     0.00000E+00     0.00000E+00     0.00000E+00     0.00000E+00 
  91.50     0.34808E-04     0.21190E-01     0.13622E+00     0.35500E-02     0.13889E-05     0.49190E-03     0.49190E-03     0.50000E-04     0.50000E-04     0.83333E-03 
  91.50     0.00000E+00     0.21190E-01     0.13622E+00     0.35500E-02     0.00000E+00     0.00000E+00     0.00000E+00     0.00000E+00     0.00000E+00     0.00000E+00 
  92.00     0.35317E-04     0.21496E-01     0.13666E+00     0.36000E-02     0.13889E-05     0.49046E-03     0.49046E-03     0.50000E-04     0.50000E-04     0.83333E-03 
  92.00     0.00000E+00     0.21496E-01     0.13666E+00     0.36000E-02     0.00000E+00     0.00000E+00     0.00000E+00     0.00000E+00     0.00000E+00     0.00000E+00 
  92.50     0.35827E-04     0.21803E-01     0.13710E+00     0.36500E-02     0.13889E-05     0.48904E-03     0.48904E-03     0.50000E-04     0.50000E-04     0.83333E-03 
  92.50     0.00000E+00     0.21803E-01     0.13710E+00     0.36500E-02     0.00000E+00     0.00000E+00     0.00000E+00     0.00000E+00     0.00000E+00     0.00000E+00 
  93.00     0.36339E-04     0.22111E-01     0.13754E+00     0.37000E-02     0.13889E-05     0.48764E-03     0.48764E-03     0.50000E-04     0.50000E-04     0.83333E-03 
  93.00     0.00000E+00     0.22111E-01     0.13754E+00     0.37000E-02     0.00000E+00     0.00000E+00     0.00000E+00     0.00000E+00     0.00000E+00     0.00000E+00 
  93.50     0.36852E-04     0.22420E-01     0.13797E+00     0.37500E-02     0.13889E-05     0.48624E-03     0.48624E-03     0.50000E-04     0.50000E-04     0.83333E-03 
  93.50     0.00000E+00     0.22420E-01     0.13797E+00     0.37500E-02     0.00000E+00     0.00000E+00     0.00000E+00     0.00000E+00     0.00000E+00     0.00000E+00 
  94.00     0.37367E-04     0.22730E-01     0.13841E+00     0.38000E-02     0.13889E-05     0.48487E-03     0.48487E-03     0.50000E-04     0.50000E-04     0.83333E-03 
  94.00     0.00000E+00     0.22730E-01     0.13841E+00     0.38000E-02     0.00000E+00     0.00000E+00     0.00000E+00     0.00000E+00     0.00000E+00     0.00000E+00 
  94.50     0.37883E-04     0.23040E-01     0.13884E+00     0.38500E-02     0.13889E-05     0.48350E-03     0.48350E-03     0.50000E-04     0.50000E-04     0.83333E-03 
  94.50     0.00000E+00     0.23040E-01     0.13884E+00     0.38500E-02     0.00000E+00     0.00000E+00     0.00000E+00     0.00000E+00     0.00000E+00     0.00000E+00 
  95.00     0.38401E-04     0.23352E-01     0.13927E+00     0.39000E-02     0.13889E-05     0.48215E-03     0.48215E-03     0.50000E-04     0.50000E-04     0.83333E-03 
  95.00     0.00000E+00     0.23352E-01     0.13927E+00     0.39000E-02     0.00000E+00     0.00000E+00     0.00000E+00     0.00000E+00     0.00000E+00     0.00000E+00 
  95.50     0.38920E-04     0.23664E-01     0.13971E+00     0.39500E-02     0.13889E-05     0.48080E-03     0.48080E-03     0.50000E-04     0.50000E-04     0.83333E-03 
  95.50     0.00000E+00     0.23664E-01     0.13971E+00     0.39500E-02     0.00000E+00     0.00000E+00     0.00000E+00     0.00000E+00     0.00000E+00     0.00000E+00 
  96.00     0.39440E-04     0.23977E-01     0.14013E+00     0.40000E-02     0.13889E-05     0.47948E-03     0.47948E-03     0.50000E-04     0.50000E-04     0.83333E-03 
  96.00     0.00000E+00     0.23977E-01     0.14013E+00     0.40000E-02     0.00000E+00     0.00000E+00     0.00000E+00     0.00000E+00     0.00000E+00     0.00000E+00 
  96.50     0.39962E-04     0.24291E-01     0.14056E+00     0.40500E-02     0.13889E-05     0.47816E-03     0.47816E-03     0.50000E-04     0.50000E-04     0.83333E-03 
  96.50     0.00000E+00     0.24291E-01     0.14056E+00     0.40500E-02     0.00000E+00     0.00000E+00     0.00000E+00     0.00000E+00     0.00000E+00     0.00000E+00 
  97.00     0.40485E-04     0.24605E-01     0.14099E+00     0.41000E-02     0.13889E-05     0.47686E-03     0.47686E-03     0.50000E-04     0.50000E-04     0.83333E-03 
  97.00     0.00000E+00     0.24605E-01     0.14099E+00     0.41000E-02     0.00000E+00     0.00000E+00     0.00000E+00     0.00000E+00     0.00000E+00     0.00000E+00 
  97.50     0.41009E-04     0.24921E-01     0.14142E+00     0.41500E-02     0.13889E-05     0.47556E-03     0.47556E-03     0.50000E-04     0.50000E-04     0.83333E-03 
  97.50     0.00000E+00     0.24921E-01     0.14142E+00     0.41500E-02     0.00000E+00     0.00000E+00     0.00000E+00     0.00000E+00     0.00000E+00     0.00000E+00 
  98.00     0.41535E-04     0.25237E-01     0.14184E+00     0.42000E-02     0.13889E-05     0.47428E-03     0.47428E-03     0.50000E-04     0.50000E-04     0.83333E-03 
  98.00     0.00000E+00     0.25237E-01     0.14184E+00     0.42000E-02     0.00000E+00     0.00000E+00     0.00000E+00     0.00000E+00     0.00000E+00     0.00000E+00 
  98.50     0.42062E-04     0.25554E-01     0.14226E+00     0.42500E-02     0.13889E-05     0.47301E-03     0.47301E-03     0.50000E-04     0.50000E-04     0.83333E-03 
  98.50     0.00000E+00     0.25554E-01     0.14226E+00     0.42500E-02     0.00000E+00     0.00000E+00     0.00000E+00     0.00000E+00     0.00000E+00     0.00000E+00 
  99.00     0.42590E-04     0.25871E-01     0.14268E+00     0.43000E-02     0.13889E-05     0.47176E-03     0.47176E-03     0.50000E-04     0.50000E-04     0.83333E-03 
  99.00     0.00000E+00     0.25871E-01     0.14268E+00     0.43000E-02     0.00000E+00     0.00000E+00     0.00000E+00     0.00000E+00     0.00000E+00     0.00000E+00 
  99.50     0.43119E-04     0.26190E-01     0.14310E+00     0.43500E-02     0.13889E-05     0.47051E-03     0.47051E-03     0.50000E-04     0.50000E-04     0.83333E-03 
  99.50     0.00000E+00     0.26190E-01     0.14310E+00     0.43500E-02     0.00000E+00     0.00000E+00     0.00000E+00     0.00000E+00     0.00000E+00     0.00000E+00 
