  0.000000000000000E+000  0.0000000E+00  1.0000001E-02  0.0000000E+00
  0.0000000E+00
  0.000000000000000E+000  0.0000000E+00  1.0000001E-02  0.0000000E+00
  0.0000000E+00
  0.000000000000000E+000  0.0000000E+00  1.0000001E-02  0.0000000E+00
  0.0000000E+00
  0.000000000000000E+000  0.0000000E+00  3.9716598E-02  5.5555565E-09
  0.0000000E+00
  0.000000000000000E+000  0.0000000E+00  3.9716598E-02  0.0000000E+00
  0.0000000E+00
  0.000000000000000E+000  2.8182246E-04  3.9766721E-02  1.3888890E-06
  0.0000000E+00
  0.000000000000000E+000  2.8182246E-04  3.9766721E-02  0.0000000E+00
  0.0000000E+00
  4.697041056184961E-007  5.6317658E-04  3.9816841E-02  1.3888890E-06
  0.0000000E+00
  0.000000000000000E+000  5.6317658E-04  3.9816841E-02  0.0000000E+00
  0.0000000E+00
  9.386276464954646E-007  8.4406318E-04  3.9866962E-02  1.3888890E-06
  0.0000000E+00
  0.000000000000000E+000  8.4406318E-04  3.9866962E-02  0.0000000E+00
  0.0000000E+00
  1.406771980809675E-006  1.1244830E-03  3.9917078E-02  1.3888890E-06
  0.0000000E+00
  0.000000000000000E+000  1.1244830E-03  3.9917078E-02  0.0000000E+00
  0.0000000E+00
  1.874138272714359E-006  1.4044367E-03  3.9967194E-02  1.3888890E-06
  0.0000000E+00
  0.000000000000000E+000  1.4044367E-03  3.9967194E-02  0.0000000E+00
  0.0000000E+00
  2.340727783375517E-006  1.6839252E-03  4.0017311E-02  1.3888890E-06
  0.0000000E+00
  0.000000000000000E+000  1.6839252E-03  4.0017311E-02  0.0000000E+00
  0.0000000E+00
  2.806541967984687E-006  1.9629491E-03  4.0067423E-02  1.3888890E-06
  0.0000000E+00
  0.000000000000000E+000  1.9629491E-03  4.0067423E-02  0.0000000E+00
  0.0000000E+00
  3.271581796669563E-006  2.2415093E-03  4.0117536E-02  1.3888890E-06
  0.0000000E+00
  0.000000000000000E+000  2.2415093E-03  4.0117536E-02  0.0000000E+00
  0.0000000E+00
  3.735848821634453E-006  2.5196064E-03  4.0167648E-02  1.3888890E-06
  0.0000000E+00
  0.000000000000000E+000  2.5196064E-03  4.0167648E-02  0.0000000E+00
  0.0000000E+00
  4.199344013007049E-006  2.7972413E-03  4.0217757E-02  1.3888890E-06
  0.0000000E+00
  0.000000000000000E+000  2.7972413E-03  4.0217757E-02  0.0000000E+00
  0.0000000E+00
  4.662068922991660E-006  3.0744148E-03  4.0267866E-02  1.3888890E-06
  0.0000000E+00
  0.000000000000000E+000  3.0744148E-03  4.0267866E-02  0.0000000E+00
  0.0000000E+00
  5.124024715741517E-006  3.3511275E-03  4.0317975E-02  1.3888890E-06
  0.0000000E+00
  0.000000000000000E+000  3.3511275E-03  4.0317975E-02  0.0000000E+00
  0.0000000E+00
  5.585212555409851E-006  3.6273801E-03  4.0368080E-02  1.3888890E-06
  0.0000000E+00
  0.000000000000000E+000  3.6273801E-03  4.0368080E-02  0.0000000E+00
  0.0000000E+00
  6.045633606149893E-006  3.9031736E-03  4.0418185E-02  1.3888890E-06
  0.0000000E+00
  0.000000000000000E+000  3.9031736E-03  4.0418185E-02  0.0000000E+00
  0.0000000E+00
  6.505289420165952E-006  4.1785087E-03  4.0468290E-02  1.3888890E-06
  0.0000000E+00
  0.000000000000000E+000  4.1785087E-03  4.0468290E-02  0.0000000E+00
  0.0000000E+00
  6.964181161611259E-006  4.4533857E-03  4.0518392E-02  1.3888890E-06
  0.0000000E+00
  0.000000000000000E+000  4.4533857E-03  4.0518392E-02  0.0000000E+00
  0.0000000E+00
  7.422309606587967E-006  4.7278060E-03  4.0568493E-02  1.3888890E-06
  0.0000000E+00
  0.000000000000000E+000  4.7278060E-03  4.0568493E-02  0.0000000E+00
  0.0000000E+00
  7.879676695351464E-006  5.0017699E-03  4.0618595E-02  1.3888890E-06
  0.0000000E+00
  0.000000000000000E+000  5.0017699E-03  4.0618595E-02  0.0000000E+00
  0.0000000E+00
  8.336283204003901E-006  5.2752784E-03  4.0668696E-02  1.3888890E-06
  0.0000000E+00
  0.000000000000000E+000  5.2752784E-03  4.0668696E-02  0.0000000E+00
  0.0000000E+00
  8.792130684749589E-006  5.5483319E-03  4.0718794E-02  1.3888890E-06
  0.0000000E+00
  0.000000000000000E+000  5.5483319E-03  4.0718794E-02  0.0000000E+00
  0.0000000E+00
  9.247219913690680E-006  5.8209319E-03  4.0768892E-02  1.3888890E-06
  0.0000000E+00
  0.000000000000000E+000  5.8209319E-03  4.0768892E-02  0.0000000E+00
  0.0000000E+00
  9.701553219133637E-006  6.0930783E-03  4.0818989E-02  1.3888890E-06
  0.0000000E+00
  0.000000000000000E+000  6.0930783E-03  4.0818989E-02  0.0000000E+00
  0.0000000E+00
  1.015513060107846E-005  6.3647721E-03  4.0869083E-02  1.3888890E-06
  0.0000000E+00
  0.000000000000000E+000  6.3647721E-03  4.0869083E-02  0.0000000E+00
  0.0000000E+00
  1.060795361172946E-005  6.6360142E-03  4.0919177E-02  1.3888890E-06
  0.0000000E+00
  0.000000000000000E+000  6.6360142E-03  4.0919177E-02  0.0000000E+00
  0.0000000E+00
  1.106002380329094E-005  6.9068056E-03  4.0969271E-02  1.3888890E-06
  0.0000000E+00
  0.000000000000000E+000  6.9068056E-03  4.0969271E-02  0.0000000E+00
  0.0000000E+00
  1.151134272796721E-005  7.1771466E-03  4.1019365E-02  1.3888890E-06
  0.0000000E+00
  0.000000000000000E+000  7.1771466E-03  4.1019365E-02  0.0000000E+00
  0.0000000E+00
  1.196191116186043E-005  7.4470378E-03  4.1069455E-02  1.3888890E-06
  0.0000000E+00
  0.000000000000000E+000  7.4470378E-03  4.1069455E-02  0.0000000E+00
  0.0000000E+00
  1.241172988107275E-005  7.7164802E-03  4.1119546E-02  1.3888890E-06
  0.0000000E+00
  0.000000000000000E+000  7.7164802E-03  4.1119546E-02  0.0000000E+00
  0.0000000E+00
  1.286080043780847E-005  7.9854745E-03  4.1169636E-02  1.3888890E-06
  0.0000000E+00
  0.000000000000000E+000  7.9854745E-03  4.1169636E-02  0.0000000E+00
  0.0000000E+00
  1.330912438427192E-005  8.2540214E-03  4.1219722E-02  1.3888890E-06
  0.0000000E+00
  0.000000000000000E+000  8.2540214E-03  4.1219722E-02  0.0000000E+00
  0.0000000E+00
  1.375670249656523E-005  8.5221222E-03  4.1269809E-02  1.3888890E-06
  0.0000000E+00
  0.000000000000000E+000  8.5221222E-03  4.1269809E-02  0.0000000E+00
  0.0000000E+00
  1.420353710299487E-005  8.7897768E-03  4.1319896E-02  1.3888890E-06
  0.0000000E+00
  0.000000000000000E+000  8.7897768E-03  4.1319896E-02  0.0000000E+00
  0.0000000E+00
  1.464962820356085E-005  9.0569863E-03  4.1369982E-02  1.3888890E-06
  0.0000000E+00
  0.000000000000000E+000  9.0569863E-03  4.1369982E-02  0.0000000E+00
  0.0000000E+00
  1.509497735046747E-005  9.3237516E-03  4.1420065E-02  1.3888890E-06
  0.0000000E+00
  0.000000000000000E+000  9.3237516E-03  4.1420065E-02  0.0000000E+00
  0.0000000E+00
  1.553958609591903E-005  9.5900726E-03  4.1470148E-02  1.3888890E-06
  0.0000000E+00
  0.000000000000000E+000  9.5900726E-03  4.1470148E-02  0.0000000E+00
  0.0000000E+00
  1.598345443991555E-005  9.8559512E-03  4.1520230E-02  1.3888890E-06
  0.0000000E+00
  0.000000000000000E+000  9.8559512E-03  4.1520230E-02  0.0000000E+00
  0.0000000E+00
  1.642658548686563E-005  1.0121387E-02  4.1570313E-02  1.3888890E-06
  0.0000000E+00
  0.000000000000000E+000  1.0121387E-02  4.1570313E-02  0.0000000E+00
  0.0000000E+00
  1.686897923676928E-005  1.0386382E-02  4.1620392E-02  1.3888890E-06
  0.0000000E+00
  0.000000000000000E+000  1.0386382E-02  4.1620392E-02  0.0000000E+00
  0.0000000E+00
  1.731063724183080E-005  1.0650936E-02  4.1670471E-02  1.3888890E-06
  0.0000000E+00
  0.000000000000000E+000  1.0650936E-02  4.1670471E-02  0.0000000E+00
  0.0000000E+00
  1.775155950205019E-005  1.0915049E-02  4.1720551E-02  1.3888890E-06
  0.0000000E+00
  0.000000000000000E+000  1.0915049E-02  4.1720551E-02  0.0000000E+00
  0.0000000E+00
  1.819174912183608E-005  1.1178724E-02  4.1770630E-02  1.3888890E-06
  0.0000000E+00
  0.000000000000000E+000  1.1178724E-02  4.1770630E-02  0.0000000E+00
  0.0000000E+00
  1.863120610118846E-005  1.1441959E-02  4.1820709E-02  1.3888890E-06
  0.0000000E+00
  0.000000000000000E+000  1.1441959E-02  4.1820709E-02  0.0000000E+00
  0.0000000E+00
  1.906993199231163E-005  1.1704757E-02  4.1870784E-02  1.3888890E-06
  0.0000000E+00
  0.000000000000000E+000  1.1704757E-02  4.1870784E-02  0.0000000E+00
  0.0000000E+00
  1.950792834740991E-005  1.1967118E-02  4.1920859E-02  1.3888890E-06
  0.0000000E+00
  0.000000000000000E+000  1.1967118E-02  4.1920859E-02  0.0000000E+00
  0.0000000E+00
  1.994519671868761E-005  1.2229042E-02  4.1970935E-02  1.3888890E-06
  0.0000000E+00
  0.000000000000000E+000  1.2229042E-02  4.1970935E-02  0.0000000E+00
  0.0000000E+00
  2.038173710614472E-005  1.2490530E-02  4.2021010E-02  1.3888890E-06
  0.0000000E+00
  0.000000000000000E+000  1.2490530E-02  4.2021010E-02  0.0000000E+00
  0.0000000E+00
  2.081755106198556E-005  1.2751584E-02  4.2071082E-02  1.3888890E-06
  0.0000000E+00
  0.000000000000000E+000  1.2751584E-02  4.2071082E-02  0.0000000E+00
  0.0000000E+00
  2.125264013841443E-005  1.3012203E-02  4.2121153E-02  1.3888890E-06
  0.0000000E+00
  0.000000000000000E+000  1.3012203E-02  4.2121153E-02  0.0000000E+00
  0.0000000E+00
  2.168700588763564E-005  1.3272389E-02  4.2171225E-02  1.3888890E-06
  0.0000000E+00
  0.000000000000000E+000  1.3272389E-02  4.2171225E-02  0.0000000E+00
  0.0000000E+00
  2.212064830964919E-005  1.3532141E-02  4.2221297E-02  1.3888890E-06
  0.0000000E+00
  0.000000000000000E+000  1.3532141E-02  4.2221297E-02  0.0000000E+00
  0.0000000E+00
  2.255356895665939E-005  1.3791461E-02  4.2271368E-02  1.3888890E-06
  0.0000000E+00
  0.000000000000000E+000  1.3791461E-02  4.2271368E-02  0.0000000E+00
  0.0000000E+00
  2.298576938087054E-005  1.4050351E-02  4.2321436E-02  1.3888890E-06
  0.0000000E+00
  0.000000000000000E+000  1.4050351E-02  4.2321436E-02  0.0000000E+00
  0.0000000E+00
  2.341725113448696E-005  1.4308809E-02  4.2371504E-02  1.3888890E-06
  0.0000000E+00
  0.000000000000000E+000  1.4308809E-02  4.2371504E-02  0.0000000E+00
  0.0000000E+00
  2.384801576971295E-005  1.4566838E-02  4.2421572E-02  1.3888890E-06
  0.0000000E+00
  0.000000000000000E+000  1.4566838E-02  4.2421572E-02  0.0000000E+00
  0.0000000E+00
  2.427806328654852E-005  1.4824437E-02  4.2471640E-02  1.3888890E-06
  0.0000000E+00
  0.000000000000000E+000  1.4824437E-02  4.2471640E-02  0.0000000E+00
  0.0000000E+00
  2.470739523719797E-005  1.5081608E-02  4.2521708E-02  1.3888890E-06
  0.0000000E+00
  0.000000000000000E+000  1.5081608E-02  4.2521708E-02  0.0000000E+00
  0.0000000E+00
  2.513601317386561E-005  1.5338350E-02  4.2571772E-02  1.3888890E-06
  0.0000000E+00
  0.000000000000000E+000  1.5338350E-02  4.2571772E-02  0.0000000E+00
  0.0000000E+00
  2.556391709655144E-005  1.5594665E-02  4.2621836E-02  1.3888890E-06
  0.0000000E+00
  0.000000000000000E+000  1.5594665E-02  4.2621836E-02  0.0000000E+00
  0.0000000E+00
  2.599110855745976E-005  1.5850553E-02  4.2671900E-02  1.3888890E-06
  0.0000000E+00
  0.000000000000000E+000  1.5850553E-02  4.2671900E-02  0.0000000E+00
  0.0000000E+00
  2.641758910879490E-005  1.6106017E-02  4.2721964E-02  1.3888890E-06
  0.0000000E+00
  0.000000000000000E+000  1.6106017E-02  4.2721964E-02  0.0000000E+00
  0.0000000E+00
  2.684336185496545E-005  1.6361054E-02  4.2772029E-02  1.3888890E-06
  0.0000000E+00
  0.000000000000000E+000  1.6361054E-02  4.2772029E-02  0.0000000E+00
  0.0000000E+00
  2.726842369156282E-005  1.6615668E-02  4.2822093E-02  1.3888890E-06
  0.0000000E+00
  0.000000000000000E+000  1.6615668E-02  4.2822093E-02  0.0000000E+00
  0.0000000E+00
  2.769278082740422E-005  1.6869858E-02  4.2872153E-02  1.3888890E-06
  0.0000000E+00
  0.000000000000000E+000  1.6869858E-02  4.2872153E-02  0.0000000E+00
  0.0000000E+00
  2.811643015808104E-005  1.7123625E-02  4.2922214E-02  1.3888890E-06
  0.0000000E+00
  0.000000000000000E+000  1.7123625E-02  4.2922214E-02  0.0000000E+00
  0.0000000E+00
  2.853937478800191E-005  1.7376969E-02  4.2972274E-02  1.3888890E-06
  0.0000000E+00
  0.000000000000000E+000  1.7376969E-02  4.2972274E-02  0.0000000E+00
  0.0000000E+00
  2.896161471716681E-005  1.7629892E-02  4.3022335E-02  1.3888890E-06
  0.0000000E+00
  0.000000000000000E+000  1.7629892E-02  4.3022335E-02  0.0000000E+00
  0.0000000E+00
  2.938315304998437E-005  1.7882394E-02  4.3072395E-02  1.3888890E-06
  0.0000000E+00
  0.000000000000000E+000  1.7882394E-02  4.3072395E-02  0.0000000E+00
  0.0000000E+00
  2.980398978645459E-005  1.8134475E-02  4.3122455E-02  1.3888890E-06
  0.0000000E+00
  0.000000000000000E+000  1.8134475E-02  4.3122455E-02  0.0000000E+00
  0.0000000E+00
  3.022412492657747E-005  1.8386137E-02  4.3172512E-02  1.3888890E-06
  0.0000000E+00
  0.000000000000000E+000  1.8386137E-02  4.3172512E-02  0.0000000E+00
  0.0000000E+00
  3.064356157476161E-005  1.8637380E-02  4.3222569E-02  1.3888890E-06
  0.0000000E+00
  0.000000000000000E+000  1.8637380E-02  4.3222569E-02  0.0000000E+00
  0.0000000E+00
  3.106229973100703E-005  1.8888205E-02  4.3272626E-02  1.3888890E-06
  0.0000000E+00
  0.000000000000000E+000  1.8888205E-02  4.3272626E-02  0.0000000E+00
  0.0000000E+00
  3.148034249972234E-005  1.9138614E-02  4.3322682E-02  1.3888890E-06
  0.0000000E+00
  0.000000000000000E+000  1.9138614E-02  4.3322682E-02  0.0000000E+00
  0.0000000E+00
  3.189768988090754E-005  1.9388605E-02  4.3372739E-02  1.3888890E-06
  0.0000000E+00
  0.000000000000000E+000  1.9388605E-02  4.3372739E-02  0.0000000E+00
  0.0000000E+00
  3.231434187456262E-005  1.9638181E-02  4.3422796E-02  1.3888890E-06
  0.0000000E+00
  0.000000000000000E+000  1.9638181E-02  4.3422796E-02  0.0000000E+00
  0.0000000E+00
  3.273030158509622E-005  1.9887339E-02  4.3472849E-02  1.3888890E-06
  0.0000000E+00
  0.000000000000000E+000  1.9887339E-02  4.3472849E-02  0.0000000E+00
  0.0000000E+00
  3.314556590809970E-005  2.0136084E-02  4.3522902E-02  1.3888890E-06
  0.0000000E+00
  0.000000000000000E+000  2.0136084E-02  4.3522902E-02  0.0000000E+00
  0.0000000E+00
  3.356014105239031E-005  2.0384416E-02  4.3572955E-02  1.3888890E-06
  0.0000000E+00
  0.000000000000000E+000  2.0384416E-02  4.3572955E-02  0.0000000E+00
  0.0000000E+00
  3.397402701796803E-005  2.0632334E-02  4.3623008E-02  1.3888890E-06
  0.0000000E+00
  0.000000000000000E+000  2.0632334E-02  4.3623008E-02  0.0000000E+00
  0.0000000E+00
  3.438722380483288E-005  2.0879839E-02  4.3673061E-02  1.3888890E-06
  0.0000000E+00
  0.000000000000000E+000  2.0879839E-02  4.3673061E-02  0.0000000E+00
  0.0000000E+00
  3.479973141298486E-005  2.1126932E-02  4.3723114E-02  1.3888890E-06
  0.0000000E+00
  0.000000000000000E+000  2.1126932E-02  4.3723114E-02  0.0000000E+00
  0.0000000E+00
  3.521155294683257E-005  2.1373613E-02  4.3773167E-02  1.3888890E-06
  0.0000000E+00
  0.000000000000000E+000  2.1373613E-02  4.3773167E-02  0.0000000E+00
  0.0000000E+00
  3.562268840637602E-005  2.1619884E-02  4.3823216E-02  1.3888890E-06
  0.0000000E+00
  0.000000000000000E+000  2.1619884E-02  4.3823216E-02  0.0000000E+00
  0.0000000E+00
  3.603314089602382E-005  2.1865746E-02  4.3873265E-02  1.3888890E-06
  0.0000000E+00
  0.000000000000000E+000  2.1865746E-02  4.3873265E-02  0.0000000E+00
  0.0000000E+00
  3.644291041577599E-005  2.2111198E-02  4.3923315E-02  1.3888890E-06
  0.0000000E+00
  0.000000000000000E+000  2.2111198E-02  4.3923315E-02  0.0000000E+00
  0.0000000E+00
  3.685199696563250E-005  2.2356242E-02  4.3973364E-02  1.3888890E-06
  0.0000000E+00
  0.000000000000000E+000  2.2356242E-02  4.3973364E-02  0.0000000E+00
  0.0000000E+00
  3.726040365000199E-005  2.2600878E-02  4.4023413E-02  1.3888890E-06
  0.0000000E+00
  0.000000000000000E+000  2.2600878E-02  4.4023413E-02  0.0000000E+00
  0.0000000E+00
  3.766813046888445E-005  2.2845106E-02  4.4073462E-02  1.3888890E-06
  0.0000000E+00
  0.000000000000000E+000  2.2845106E-02  4.4073462E-02  0.0000000E+00
  0.0000000E+00
  3.807517742227989E-005  2.3088928E-02  4.4123512E-02  1.3888890E-06
  0.0000000E+00
  0.000000000000000E+000  2.3088928E-02  4.4123512E-02  0.0000000E+00
  0.0000000E+00
  3.848154761459691E-005  2.3332344E-02  4.4173557E-02  1.3888890E-06
  0.0000000E+00
  0.000000000000000E+000  2.3332344E-02  4.4173557E-02  0.0000000E+00
  0.0000000E+00
  3.888724104583552E-005  2.3575354E-02  4.4223603E-02  1.3888890E-06
  0.0000000E+00
  0.000000000000000E+000  2.3575354E-02  4.4223603E-02  0.0000000E+00
  0.0000000E+00
  3.929225771599572E-005  2.3817960E-02  4.4273648E-02  1.3888890E-06
  0.0000000E+00
  0.000000000000000E+000  2.3817960E-02  4.4273648E-02  0.0000000E+00
  0.0000000E+00
  3.969660072948613E-005  2.4060162E-02  4.4323694E-02  1.3888890E-06
  0.0000000E+00
  0.000000000000000E+000  2.4060162E-02  4.4323694E-02  0.0000000E+00
  0.0000000E+00
  4.010027008630674E-005  2.4301961E-02  4.4373740E-02  1.3888890E-06
  0.0000000E+00
  0.000000000000000E+000  2.4301961E-02  4.4373740E-02  0.0000000E+00
  0.0000000E+00
  4.050326889086617E-005  2.4543358E-02  4.4423785E-02  1.3888890E-06
  0.0000000E+00
  0.000000000000000E+000  2.4543358E-02  4.4423785E-02  0.0000000E+00
  0.0000000E+00
  4.090559714316443E-005  2.4784353E-02  4.4473831E-02  1.3888890E-06
  0.0000000E+00
  0.000000000000000E+000  2.4784353E-02  4.4473831E-02  0.0000000E+00
  0.0000000E+00
  4.130725484320150E-005  2.5024945E-02  4.4523876E-02  1.3888890E-06
  0.0000000E+00
  0.000000000000000E+000  2.5024945E-02  4.4523876E-02  0.0000000E+00
  0.0000000E+00
  4.170824199097740E-005  2.5265137E-02  4.4573918E-02  1.3888890E-06
  0.0000000E+00
  0.000000000000000E+000  2.5265137E-02  4.4573918E-02  0.0000000E+00
  0.0000000E+00
  4.210856169090074E-005  2.5504930E-02  4.4623960E-02  1.3888890E-06
  0.0000000E+00
  0.000000000000000E+000  2.5504930E-02  4.4623960E-02  0.0000000E+00
  0.0000000E+00
  4.250821704738013E-005  2.5744323E-02  4.4674002E-02  1.3888890E-06
  0.0000000E+00
  0.000000000000000E+000  2.5744323E-02  4.4674002E-02  0.0000000E+00
  0.0000000E+00
  4.290720495600696E-005  2.5983317E-02  4.4724043E-02  1.3888890E-06
  0.0000000E+00
  0.000000000000000E+000  2.5983317E-02  4.4724043E-02  0.0000000E+00
  0.0000000E+00
  4.330552852118985E-005  2.6221914E-02  4.4774085E-02  1.3888890E-06
  0.0000000E+00
  0.000000000000000E+000  2.6221914E-02  4.4774085E-02  0.0000000E+00
  0.0000000E+00
  4.370319084733740E-005  2.6460115E-02  4.4824127E-02  1.3888890E-06
  0.0000000E+00
  0.000000000000000E+000  2.6460115E-02  4.4824127E-02  0.0000000E+00
  0.0000000E+00
  4.410019193444963E-005  2.6697919E-02  4.4874169E-02  1.3888890E-06
  0.0000000E+00
  0.000000000000000E+000  2.6697919E-02  4.4874169E-02  0.0000000E+00
  0.0000000E+00
  4.449653178252653E-005  2.6935326E-02  4.4924211E-02  1.3888890E-06
  0.0000000E+00
  0.000000000000000E+000  2.6935326E-02  4.4924211E-02  0.0000000E+00
  0.0000000E+00
  4.489221039156810E-005  2.7172338E-02  4.4974253E-02  1.3888890E-06
  0.0000000E+00
  0.000000000000000E+000  2.7172338E-02  4.4974253E-02  0.0000000E+00
  0.0000000E+00
  4.528723086598296E-005  2.7408956E-02  4.5024291E-02  1.3888890E-06
  0.0000000E+00
  0.000000000000000E+000  2.7408956E-02  4.5024291E-02  0.0000000E+00
  0.0000000E+00
  4.568159320577111E-005  2.7645178E-02  4.5074329E-02  1.3888890E-06
  0.0000000E+00
  0.000000000000000E+000  2.7645178E-02  4.5074329E-02  0.0000000E+00
  0.0000000E+00
  4.607529741093255E-005  2.7881008E-02  4.5124367E-02  1.3888890E-06
  0.0000000E+00
  0.000000000000000E+000  2.7881008E-02  4.5124367E-02  0.0000000E+00
  0.0000000E+00
  4.646834658587589E-005  2.8116446E-02  4.5174405E-02  1.3888890E-06
  0.0000000E+00
  0.000000000000000E+000  2.8116446E-02  4.5174405E-02  0.0000000E+00
  0.0000000E+00
  4.686074383500975E-005  2.8351491E-02  4.5224443E-02  1.3888890E-06
  0.0000000E+00
  0.000000000000000E+000  2.8351491E-02  4.5224443E-02  0.0000000E+00
  0.0000000E+00
  4.725248605392552E-005  2.8586145E-02  4.5274481E-02  1.3888890E-06
  0.0000000E+00
  0.000000000000000E+000  2.8586145E-02  4.5274481E-02  0.0000000E+00
  0.0000000E+00
  4.764357634703180E-005  2.8820409E-02  4.5324519E-02  1.3888890E-06
  0.0000000E+00
  0.000000000000000E+000  2.8820409E-02  4.5324519E-02  0.0000000E+00
  0.0000000E+00
  4.803401471432861E-005  2.9054282E-02  4.5374557E-02  1.3888890E-06
  0.0000000E+00
  0.000000000000000E+000  2.9054282E-02  4.5374557E-02  0.0000000E+00
  0.0000000E+00
  4.842380426022456E-005  2.9287767E-02  4.5424595E-02  1.3888890E-06
  0.0000000E+00
  0.000000000000000E+000  2.9287767E-02  4.5424595E-02  0.0000000E+00
  0.0000000E+00
  4.881294498471965E-005  2.9520862E-02  4.5474634E-02  1.3888890E-06
  0.0000000E+00
  0.000000000000000E+000  2.9520862E-02  4.5474634E-02  0.0000000E+00
  0.0000000E+00
  4.920143688781387E-005  2.9753570E-02  4.5524668E-02  1.3888890E-06
  0.0000000E+00
  0.000000000000000E+000  2.9753570E-02  4.5524668E-02  0.0000000E+00
  0.0000000E+00
  4.958928307391585E-005  2.9985890E-02  4.5574702E-02  1.3888890E-06
  0.0000000E+00
  0.000000000000000E+000  2.9985890E-02  4.5574702E-02  0.0000000E+00
  0.0000000E+00
  4.997648354302558E-005  3.0217823E-02  4.5624737E-02  1.3888890E-06
  0.0000000E+00
  0.000000000000000E+000  3.0217823E-02  4.5624737E-02  0.0000000E+00
  0.0000000E+00
  5.036303829514306E-005  3.0449370E-02  4.5674771E-02  1.3888890E-06
  0.0000000E+00
  0.000000000000000E+000  3.0449370E-02  4.5674771E-02  0.0000000E+00
  0.0000000E+00
  5.074895043467692E-005  3.0680532E-02  4.5724805E-02  1.3888890E-06
  0.0000000E+00
  0.000000000000000E+000  3.0680532E-02  4.5724805E-02  0.0000000E+00
  0.0000000E+00
  5.113421996162715E-005  3.0911308E-02  4.5774840E-02  1.3888890E-06
  0.0000000E+00
  0.000000000000000E+000  3.0911308E-02  4.5774840E-02  0.0000000E+00
  0.0000000E+00
  5.151884687599375E-005  3.1141700E-02  4.5824874E-02  1.3888890E-06
  0.0000000E+00
  0.000000000000000E+000  3.1141700E-02  4.5824874E-02  0.0000000E+00
  0.0000000E+00
  5.190283428218533E-005  3.1371709E-02  4.5874909E-02  1.3888890E-06
  0.0000000E+00
  0.000000000000000E+000  3.1371709E-02  4.5874909E-02  0.0000000E+00
  0.0000000E+00
  5.228618218020191E-005  3.1601332E-02  4.5924943E-02  1.3888890E-06
  0.0000000E+00
  0.000000000000000E+000  3.1601332E-02  4.5924943E-02  0.0000000E+00
  0.0000000E+00
  5.266888746563485E-005  3.1830575E-02  4.5974977E-02  1.3888890E-06
  0.0000000E+00
  0.000000000000000E+000  3.1830575E-02  4.5974977E-02  0.0000000E+00
  0.0000000E+00
  5.305095945171002E-005  3.2059435E-02  4.6025012E-02  1.3888890E-06
  0.0000000E+00
  0.000000000000000E+000  3.2059435E-02  4.6025012E-02  0.0000000E+00
  0.0000000E+00
  5.343239192961017E-005  3.2287914E-02  4.6075042E-02  1.3888890E-06
  0.0000000E+00
  0.000000000000000E+000  3.2287914E-02  4.6075042E-02  0.0000000E+00
  0.0000000E+00
  5.381319110815255E-005  3.2516014E-02  4.6125073E-02  1.3888890E-06
  0.0000000E+00
  0.000000000000000E+000  3.2516014E-02  4.6125073E-02  0.0000000E+00
  0.0000000E+00
  5.419335698733714E-005  3.2743733E-02  4.6175104E-02  1.3888890E-06
  0.0000000E+00
  0.000000000000000E+000  3.2743733E-02  4.6175104E-02  0.0000000E+00
  0.0000000E+00
  5.457288956716395E-005  3.2971073E-02  4.6225134E-02  1.3888890E-06
  0.0000000E+00
  0.000000000000000E+000  3.2971073E-02  4.6225134E-02  0.0000000E+00
  0.0000000E+00
  5.495178884763299E-005  3.3198036E-02  4.6275165E-02  1.3888890E-06
  0.0000000E+00
  0.000000000000000E+000  3.3198036E-02  4.6275165E-02  0.0000000E+00
  0.0000000E+00
  5.533006103756148E-005  3.3424620E-02  4.6325196E-02  1.3888890E-06
  0.0000000E+00
  0.000000000000000E+000  3.3424620E-02  4.6325196E-02  0.0000000E+00
  0.0000000E+00
  5.570769992813219E-005  3.3650827E-02  4.6375226E-02  1.3888890E-06
  0.0000000E+00
  0.000000000000000E+000  3.3650827E-02  4.6375226E-02  0.0000000E+00
  0.0000000E+00
  5.608471172816235E-005  3.3876657E-02  4.6425257E-02  1.3888890E-06
  0.0000000E+00
  0.000000000000000E+000  3.3876657E-02  4.6425257E-02  0.0000000E+00
  0.0000000E+00
  5.646109643765197E-005  3.4102112E-02  4.6475288E-02  1.3888890E-06
  0.0000000E+00
  0.000000000000000E+000  3.4102112E-02  4.6475288E-02  0.0000000E+00
  0.0000000E+00
  5.683685405660104E-005  3.4327190E-02  4.6525318E-02  1.3888890E-06
  0.0000000E+00
  0.000000000000000E+000  3.4327190E-02  4.6525318E-02  0.0000000E+00
  0.0000000E+00
  5.721198458500957E-005  3.4551892E-02  4.6575349E-02  1.3888890E-06
  0.0000000E+00
  0.000000000000000E+000  3.4551892E-02  4.6575349E-02  0.0000000E+00
  0.0000000E+00
  5.758648802287755E-005  3.4776222E-02  4.6625379E-02  1.3888890E-06
  0.0000000E+00
  0.000000000000000E+000  3.4776222E-02  4.6625379E-02  0.0000000E+00
  0.0000000E+00
  5.796037057902222E-005  3.5000179E-02  4.6675410E-02  1.3888890E-06
  0.0000000E+00
  0.000000000000000E+000  3.5000179E-02  4.6675410E-02  0.0000000E+00
  0.0000000E+00
  5.833363225344357E-005  3.5223760E-02  4.6725437E-02  1.3888890E-06
  0.0000000E+00
  0.000000000000000E+000  3.5223760E-02  4.6725437E-02  0.0000000E+00
  0.0000000E+00
  5.870626683732438E-005  3.5446968E-02  4.6775464E-02  1.3888890E-06
  0.0000000E+00
  0.000000000000000E+000  3.5446968E-02  4.6775464E-02  0.0000000E+00
  0.0000000E+00
  5.907828053948187E-005  3.5669807E-02  4.6825491E-02  1.3888890E-06
  0.0000000E+00
  0.000000000000000E+000  3.5669807E-02  4.6825491E-02  0.0000000E+00
  0.0000000E+00
  5.944967956873328E-005  3.5892274E-02  4.6875518E-02  1.3888890E-06
  0.0000000E+00
  0.000000000000000E+000  3.5892274E-02  4.6875518E-02  0.0000000E+00
  0.0000000E+00
  5.982045771626138E-005  3.6114372E-02  4.6925545E-02  1.3888890E-06
  0.0000000E+00
  0.000000000000000E+000  3.6114372E-02  4.6925545E-02  0.0000000E+00
  0.0000000E+00
  6.019062119088340E-005  3.6336098E-02  4.6975572E-02  1.3888890E-06
  0.0000000E+00
  0.000000000000000E+000  3.6336098E-02  4.6975572E-02  0.0000000E+00
  0.0000000E+00
  6.056016378378211E-005  3.6557455E-02  4.7025599E-02  1.3888890E-06
  0.0000000E+00
  0.000000000000000E+000  3.6557455E-02  4.7025599E-02  0.0000000E+00
  0.0000000E+00
  6.092909170377474E-005  3.6778443E-02  4.7075626E-02  1.3888890E-06
  0.0000000E+00
  0.000000000000000E+000  3.6778443E-02  4.7075626E-02  0.0000000E+00
  0.0000000E+00
  6.129740495086129E-005  3.6999062E-02  4.7125652E-02  1.3888890E-06
  0.0000000E+00
  0.000000000000000E+000  3.6999062E-02  4.7125652E-02  0.0000000E+00
  0.0000000E+00
  6.166510352504176E-005  3.7219316E-02  4.7175679E-02  1.3888890E-06
  0.0000000E+00
  0.000000000000000E+000  3.7219316E-02  4.7175679E-02  0.0000000E+00
  0.0000000E+00
  6.203219363513338E-005  3.7439201E-02  4.7225706E-02  1.3888890E-06
  0.0000000E+00
  0.000000000000000E+000  3.7439201E-02  4.7225706E-02  0.0000000E+00
  0.0000000E+00
  6.239866907231892E-005  3.7658721E-02  4.7275733E-02  1.3888890E-06
  0.0000000E+00
  0.000000000000000E+000  3.7658721E-02  4.7275733E-02  0.0000000E+00
  0.0000000E+00
  6.276453604541561E-005  3.7877876E-02  4.7325760E-02  1.3888890E-06
  0.0000000E+00
  0.000000000000000E+000  3.7877876E-02  4.7325760E-02  0.0000000E+00
  0.0000000E+00
  6.312979455442346E-005  3.8096666E-02  4.7375787E-02  1.3888890E-06
  0.0000000E+00
  0.000000000000000E+000  3.8096666E-02  4.7375787E-02  0.0000000E+00
  0.0000000E+00
  6.349444459934246E-005  3.8315091E-02  4.7425810E-02  1.3888890E-06
  0.0000000E+00
  0.000000000000000E+000  3.8315091E-02  4.7425810E-02  0.0000000E+00
  0.0000000E+00
  6.385848618017262E-005  3.8533151E-02  4.7475833E-02  1.3888890E-06
  0.0000000E+00
  0.000000000000000E+000  3.8533151E-02  4.7475833E-02  0.0000000E+00
  0.0000000E+00
  6.422191929691392E-005  3.8750850E-02  4.7525857E-02  1.3888890E-06
  0.0000000E+00
  0.000000000000000E+000  3.8750850E-02  4.7525857E-02  0.0000000E+00
  0.0000000E+00
  6.458475015838362E-005  3.8968187E-02  4.7575880E-02  1.3888890E-06
  0.0000000E+00
  0.000000000000000E+000  3.8968187E-02  4.7575880E-02  0.0000000E+00
  0.0000000E+00
  6.494697876458170E-005  3.9185159E-02  4.7625903E-02  1.3888890E-06
  0.0000000E+00
  0.000000000000000E+000  3.9185159E-02  4.7625903E-02  0.0000000E+00
  0.0000000E+00
  6.530859890669093E-005  3.9401770E-02  4.7675926E-02  1.3888890E-06
  0.0000000E+00
  0.000000000000000E+000  3.9401770E-02  4.7675926E-02  0.0000000E+00
  0.0000000E+00
  6.566961679352855E-005  3.9618023E-02  4.7725949E-02  1.3888890E-06
  0.0000000E+00
  0.000000000000000E+000  3.9618023E-02  4.7725949E-02  0.0000000E+00
  0.0000000E+00
  6.603003863391179E-005  3.9833914E-02  4.7775973E-02  1.3888890E-06
  0.0000000E+00
  0.000000000000000E+000  3.9833914E-02  4.7775973E-02  0.0000000E+00
  0.0000000E+00
  6.638985821902341E-005  4.0049445E-02  4.7825996E-02  1.3888890E-06
  0.0000000E+00
  0.000000000000000E+000  4.0049445E-02  4.7825996E-02  0.0000000E+00
  0.0000000E+00
  6.674907554886342E-005  4.0264618E-02  4.7876019E-02  1.3888890E-06
  0.0000000E+00
  0.000000000000000E+000  4.0264618E-02  4.7876019E-02  0.0000000E+00
  0.0000000E+00
  6.710769683224905E-005  4.0479433E-02  4.7926042E-02  1.3888890E-06
  0.0000000E+00
  0.000000000000000E+000  4.0479433E-02  4.7926042E-02  0.0000000E+00
  0.0000000E+00
  6.746572206918031E-005  4.0693890E-02  4.7976065E-02  1.3888890E-06
  0.0000000E+00
  0.000000000000000E+000  4.0693890E-02  4.7976065E-02  0.0000000E+00
  0.0000000E+00
  6.782315125965717E-005  4.0907990E-02  4.8026089E-02  1.3888890E-06
  0.0000000E+00
  0.000000000000000E+000  4.0907990E-02  4.8026089E-02  0.0000000E+00
  0.0000000E+00
  6.817998440367966E-005  4.1121732E-02  4.8076112E-02  1.3888890E-06
  0.0000000E+00
  0.000000000000000E+000  4.1121732E-02  4.8076112E-02  0.0000000E+00
  0.0000000E+00
  6.853622150124777E-005  4.1335117E-02  4.8126135E-02  1.3888890E-06
  0.0000000E+00
  0.000000000000000E+000  4.1335117E-02  4.8126135E-02  0.0000000E+00
  0.0000000E+00
  6.889186255236150E-005  4.1548148E-02  4.8176158E-02  1.3888890E-06
  0.0000000E+00
  0.000000000000000E+000  4.1548148E-02  4.8176158E-02  0.0000000E+00
  0.0000000E+00
  6.924691376583808E-005  4.1760825E-02  4.8226181E-02  1.3888890E-06
  0.0000000E+00
  0.000000000000000E+000  4.1760825E-02  4.8226181E-02  0.0000000E+00
  0.0000000E+00
  6.960137514167751E-005  4.1973148E-02  4.8276201E-02  1.3888890E-06
  0.0000000E+00
  0.000000000000000E+000  4.1973148E-02  4.8276201E-02  0.0000000E+00
  0.0000000E+00
  6.995524667987980E-005  4.2185117E-02  4.8326220E-02  1.3888890E-06
  0.0000000E+00
  0.000000000000000E+000  4.2185117E-02  4.8326220E-02  0.0000000E+00
  0.0000000E+00
  7.030852838044494E-005  4.2396732E-02  4.8376240E-02  1.3888890E-06
  0.0000000E+00
  0.000000000000000E+000  4.2396732E-02  4.8376240E-02  0.0000000E+00
  0.0000000E+00
  7.066122024337293E-005  4.2607993E-02  4.8426259E-02  1.3888890E-06
  0.0000000E+00
  0.000000000000000E+000  4.2607993E-02  4.8426259E-02  0.0000000E+00
  0.0000000E+00
  7.101332226866377E-005  4.2818904E-02  4.8476279E-02  1.3888890E-06
  0.0000000E+00
  0.000000000000000E+000  4.2818904E-02  4.8476279E-02  0.0000000E+00
  0.0000000E+00
  7.136484066513470E-005  4.3029465E-02  4.8526298E-02  1.3888890E-06
  0.0000000E+00
  0.000000000000000E+000  4.3029465E-02  4.8526298E-02  0.0000000E+00
  0.0000000E+00
  7.171577543278572E-005  4.3239672E-02  4.8576318E-02  1.3888890E-06
  0.0000000E+00
  0.000000000000000E+000  4.3239672E-02  4.8576318E-02  0.0000000E+00
  0.0000000E+00
  7.206612036279959E-005  4.3449529E-02  4.8626337E-02  1.3888890E-06
  0.0000000E+00
  0.000000000000000E+000  4.3449529E-02  4.8626337E-02  0.0000000E+00
  0.0000000E+00
  7.241588166399354E-005  4.3659039E-02  4.8676357E-02  1.3888890E-06
  0.0000000E+00
  0.000000000000000E+000  4.3659039E-02  4.8676357E-02  0.0000000E+00
  0.0000000E+00
  7.276506554518481E-005  4.3868199E-02  4.8726376E-02  1.3888890E-06
  0.0000000E+00
  0.000000000000000E+000  4.3868199E-02  4.8726376E-02  0.0000000E+00
  0.0000000E+00
  7.311366579755617E-005  4.4077009E-02  4.8776396E-02  1.3888890E-06
  0.0000000E+00
  0.000000000000000E+000  4.4077009E-02  4.8776396E-02  0.0000000E+00
  0.0000000E+00
  7.346168242110761E-005  4.4285472E-02  4.8826415E-02  1.3888890E-06
  0.0000000E+00
  0.000000000000000E+000  4.4285472E-02  4.8826415E-02  0.0000000E+00
  0.0000000E+00
  7.380912162465638E-005  4.4493590E-02  4.8876435E-02  1.3888890E-06
  0.0000000E+00
  0.000000000000000E+000  4.4493590E-02  4.8876435E-02  0.0000000E+00
  0.0000000E+00
  7.415598340820246E-005  4.4701360E-02  4.8926454E-02  1.3888890E-06
  0.0000000E+00
  0.000000000000000E+000  4.4701360E-02  4.8926454E-02  0.0000000E+00
  0.0000000E+00
  7.450226777174586E-005  4.4908784E-02  4.8976474E-02  1.3888890E-06
  0.0000000E+00
  0.000000000000000E+000  4.4908784E-02  4.8976474E-02  0.0000000E+00
  0.0000000E+00
  7.484797471528658E-005  4.5115862E-02  4.9026493E-02  1.3888890E-06
  0.0000000E+00
  0.000000000000000E+000  4.5115862E-02  4.9026493E-02  0.0000000E+00
  0.0000000E+00
  7.519310423882461E-005  4.5322593E-02  4.9076512E-02  1.3888890E-06
  0.0000000E+00
  0.000000000000000E+000  4.5322593E-02  4.9076512E-02  0.0000000E+00
  0.0000000E+00
  7.553765634235997E-005  4.5528982E-02  4.9126532E-02  1.3888890E-06
  0.0000000E+00
  0.000000000000000E+000  4.5528982E-02  4.9126532E-02  0.0000000E+00
  0.0000000E+00
  7.588163723470988E-005  4.5735028E-02  4.9176551E-02  1.3888890E-06
  0.0000000E+00
  0.000000000000000E+000  4.5735028E-02  4.9176551E-02  0.0000000E+00
  0.0000000E+00
  7.622504691587434E-005  4.5940731E-02  4.9226571E-02  1.3888890E-06
  0.0000000E+00
  0.000000000000000E+000  4.5940731E-02  4.9226571E-02  0.0000000E+00
  0.0000000E+00
  7.656788538585335E-005  4.6146091E-02  4.9276590E-02  1.3888890E-06
  0.0000000E+00
  0.000000000000000E+000  4.6146091E-02  4.9276590E-02  0.0000000E+00
  0.0000000E+00
  7.691015264464692E-005  4.6351109E-02  4.9326606E-02  1.3888890E-06
  0.0000000E+00
  0.000000000000000E+000  4.6351109E-02  4.9326606E-02  0.0000000E+00
  0.0000000E+00
  7.725184869225503E-005  4.6555784E-02  4.9376622E-02  1.3888890E-06
  0.0000000E+00
  0.000000000000000E+000  4.6555784E-02  4.9376622E-02  0.0000000E+00
  0.0000000E+00
  7.759297352867770E-005  4.6760119E-02  4.9426638E-02  1.3888890E-06
  0.0000000E+00
  0.000000000000000E+000  4.6760119E-02  4.9426638E-02  0.0000000E+00
  0.0000000E+00
  7.793353336273215E-005  4.6964113E-02  4.9476653E-02  1.3888890E-06
  0.0000000E+00
  0.000000000000000E+000  4.6964113E-02  4.9476653E-02  0.0000000E+00
  0.0000000E+00
  7.827352198560116E-005  4.7167767E-02  4.9526669E-02  1.3888890E-06
  0.0000000E+00
  0.000000000000000E+000  4.7167767E-02  4.9526669E-02  0.0000000E+00
  0.0000000E+00
  7.861294560610195E-005  4.7371082E-02  4.9576685E-02  1.3888890E-06
  0.0000000E+00
  0.000000000000000E+000  4.7371082E-02  4.9576685E-02  0.0000000E+00
  0.0000000E+00
  7.895180422423453E-005  4.7574058E-02  4.9626701E-02  1.3888890E-06
  0.0000000E+00
  0.000000000000000E+000  4.7574058E-02  4.9626701E-02  0.0000000E+00
  0.0000000E+00
